0;0;0
1;1;2
2;2;4
3;3;6
4;4;8
5;5;10
6;6;12
7;7;14
8;8;16
9;9;18
10;10;20
11;11;22
12;12;24
13;13;26
14;14;28
15;15;30
16;16;32
17;17;34
18;18;36
19;19;38
20;20;40
21;21;42
22;22;44
23;23;46
24;24;48
25;25;50
26;26;52
27;27;54
28;28;56
29;29;58
30;30;60
31;31;62
32;32;64
33;33;66
34;34;68
35;35;70
36;36;72
37;37;74
38;38;76
39;39;78
40;40;80
41;41;82
42;42;84
43;43;86
44;44;88
45;45;90
46;46;92
47;47;94
48;48;96
49;49;98
50;50;100
51;51;102
52;52;104
53;53;106
54;54;108
55;55;110
56;56;112
57;57;114
58;58;116
59;59;118
60;60;120
61;61;122
62;62;124
63;63;126
64;64;128
65;65;130
66;66;132
67;67;134
68;68;136
69;69;138
70;70;140
71;71;142
72;72;144
73;73;146
74;74;148
75;75;150
76;76;152
77;77;154
78;78;156
79;79;158
80;80;160
81;81;162
82;82;164
83;83;166
84;84;168
85;85;170
86;86;172
87;87;174
88;88;176
89;89;178
90;90;180
91;91;182
92;92;184
93;93;186
94;94;188
95;95;190
96;96;192
97;97;194
98;98;196
99;99;198
100;100;200
101;101;202
102;102;204
103;103;206
104;104;208
105;105;210
106;106;212
107;107;214
108;108;216
109;109;218
110;110;220
111;111;222
112;112;224
113;113;226
114;114;228
115;115;230
116;116;232
117;117;234
118;118;236
119;119;238
120;120;240
121;121;242
122;122;244
123;123;246
124;124;248
125;125;250
126;126;252
127;127;254
128;128;256
129;129;258
130;130;260
131;131;262
132;132;264
133;133;266
134;134;268
135;135;270
136;136;272
137;137;274
138;138;276
139;139;278
140;140;280
141;141;282
142;142;284
143;143;286
144;144;288
145;145;290
146;146;292
147;147;294
148;148;296
149;149;298
150;150;300
151;151;302
152;152;304
153;153;306
154;154;308
155;155;310
156;156;312
157;157;314
158;158;316
159;159;318
160;160;320
161;161;322
162;162;324
163;163;326
164;164;328
165;165;330
166;166;332
167;167;334
168;168;336
169;169;338
170;170;340
171;171;342
172;172;344
173;173;346
174;174;348
175;175;350
176;176;352
177;177;354
178;178;356
179;179;358
180;180;360
181;181;362
182;182;364
183;183;366
184;184;368
185;185;370
186;186;372
187;187;374
188;188;376
189;189;378
190;190;380
191;191;382
192;192;384
193;193;386
194;194;388
195;195;390
196;196;392
197;197;394
198;198;396
199;199;398
200;200;400
201;201;402
202;202;404
203;203;406
204;204;408
205;205;410
206;206;412
207;207;414
208;208;416
209;209;418
210;210;420
211;211;422
212;212;424
213;213;426
214;214;428
215;215;430
216;216;432
217;217;434
218;218;436
219;219;438
220;220;440
221;221;442
222;222;444
223;223;446
224;224;448
225;225;450
226;226;452
227;227;454
228;228;456
229;229;458
230;230;460
231;231;462
232;232;464
233;233;466
234;234;468
235;235;470
236;236;472
237;237;474
238;238;476
239;239;478
240;240;480
241;241;482
242;242;484
243;243;486
244;244;488
245;245;490
246;246;492
247;247;494
248;248;496
249;249;498
250;250;500
251;251;502
252;252;504
253;253;506
254;254;508
255;255;510
256;256;512
257;257;514
258;258;516
259;259;518
260;260;520
261;261;522
262;262;524
263;263;526
264;264;528
265;265;530
266;266;532
267;267;534
268;268;536
269;269;538
270;270;540
271;271;542
272;272;544
273;273;546
274;274;548
275;275;550
276;276;552
277;277;554
278;278;556
279;279;558
280;280;560
281;281;562
282;282;564
283;283;566
284;284;568
285;285;570
286;286;572
287;287;574
288;288;576
289;289;578
290;290;580
291;291;582
292;292;584
293;293;586
294;294;588
295;295;590
296;296;592
297;297;594
298;298;596
299;299;598
300;300;600
301;301;602
302;302;604
303;303;606
304;304;608
305;305;610
306;306;612
307;307;614
308;308;616
309;309;618
310;310;620
311;311;622
312;312;624
313;313;626
314;314;628
315;315;630
316;316;632
317;317;634
318;318;636
319;319;638
320;320;640
321;321;642
322;322;644
323;323;646
324;324;648
325;325;650
326;326;652
327;327;654
328;328;656
329;329;658
330;330;660
331;331;662
332;332;664
333;333;666
334;334;668
335;335;670
336;336;672
337;337;674
338;338;676
339;339;678
340;340;680
341;341;682
342;342;684
343;343;686
344;344;688
345;345;690
346;346;692
347;347;694
348;348;696
349;349;698
350;350;700
351;351;702
352;352;704
353;353;706
354;354;708
355;355;710
356;356;712
357;357;714
358;358;716
359;359;718
360;360;720
361;361;722
362;362;724
363;363;726
364;364;728
365;365;730
366;366;732
367;367;734
368;368;736
369;369;738
370;370;740
371;371;742
372;372;744
373;373;746
374;374;748
375;375;750
376;376;752
377;377;754
378;378;756
379;379;758
380;380;760
381;381;762
382;382;764
383;383;766
384;384;768
385;385;770
386;386;772
387;387;774
388;388;776
389;389;778
390;390;780
391;391;782
392;392;784
393;393;786
394;394;788
395;395;790
396;396;792
397;397;794
398;398;796
399;399;798
400;400;800
401;401;802
402;402;804
403;403;806
404;404;808
405;405;810
406;406;812
407;407;814
408;408;816
409;409;818
410;410;820
411;411;822
412;412;824
413;413;826
414;414;828
415;415;830
416;416;832
417;417;834
418;418;836
419;419;838
420;420;840
421;421;842
422;422;844
423;423;846
424;424;848
425;425;850
426;426;852
427;427;854
428;428;856
429;429;858
430;430;860
431;431;862
432;432;864
433;433;866
434;434;868
435;435;870
436;436;872
437;437;874
438;438;876
439;439;878
440;440;880
441;441;882
442;442;884
443;443;886
444;444;888
445;445;890
446;446;892
447;447;894
448;448;896
449;449;898
450;450;900
451;451;902
452;452;904
453;453;906
454;454;908
455;455;910
456;456;912
457;457;914
458;458;916
459;459;918
460;460;920
461;461;922
462;462;924
463;463;926
464;464;928
465;465;930
466;466;932
467;467;934
468;468;936
469;469;938
470;470;940
471;471;942
472;472;944
473;473;946
474;474;948
475;475;950
476;476;952
477;477;954
478;478;956
479;479;958
480;480;960
481;481;962
482;482;964
483;483;966
484;484;968
485;485;970
486;486;972
487;487;974
488;488;976
489;489;978
490;490;980
491;491;982
492;492;984
493;493;986
494;494;988
495;495;990
496;496;992
497;497;994
498;498;996
499;499;998
500;500;1000
501;501;1002
502;502;1004
503;503;1006
504;504;1008
505;505;1010
506;506;1012
507;507;1014
508;508;1016
509;509;1018
510;510;1020
511;511;1022
512;512;1024
513;513;1026
514;514;1028
515;515;1030
516;516;1032
517;517;1034
518;518;1036
519;519;1038
520;520;1040
521;521;1042
522;522;1044
523;523;1046
524;524;1048
525;525;1050
526;526;1052
527;527;1054
528;528;1056
529;529;1058
530;530;1060
531;531;1062
532;532;1064
533;533;1066
534;534;1068
535;535;1070
536;536;1072
537;537;1074
538;538;1076
539;539;1078
540;540;1080
541;541;1082
542;542;1084
543;543;1086
544;544;1088
545;545;1090
546;546;1092
547;547;1094
548;548;1096
549;549;1098
550;550;1100
551;551;1102
552;552;1104
553;553;1106
554;554;1108
555;555;1110
556;556;1112
557;557;1114
558;558;1116
559;559;1118
560;560;1120
561;561;1122
562;562;1124
563;563;1126
564;564;1128
565;565;1130
566;566;1132
567;567;1134
568;568;1136
569;569;1138
570;570;1140
571;571;1142
572;572;1144
573;573;1146
574;574;1148
575;575;1150
576;576;1152
577;577;1154
578;578;1156
579;579;1158
580;580;1160
581;581;1162
582;582;1164
583;583;1166
584;584;1168
585;585;1170
586;586;1172
587;587;1174
588;588;1176
589;589;1178
590;590;1180
591;591;1182
592;592;1184
593;593;1186
594;594;1188
595;595;1190
596;596;1192
597;597;1194
598;598;1196
599;599;1198
600;600;1200
601;601;1202
602;602;1204
603;603;1206
604;604;1208
605;605;1210
606;606;1212
607;607;1214
608;608;1216
609;609;1218
610;610;1220
611;611;1222
612;612;1224
613;613;1226
614;614;1228
615;615;1230
616;616;1232
617;617;1234
618;618;1236
619;619;1238
620;620;1240
621;621;1242
622;622;1244
623;623;1246
624;624;1248
625;625;1250
626;626;1252
627;627;1254
628;628;1256
629;629;1258
630;630;1260
631;631;1262
632;632;1264
633;633;1266
634;634;1268
635;635;1270
636;636;1272
637;637;1274
638;638;1276
639;639;1278
640;640;1280
641;641;1282
642;642;1284
643;643;1286
644;644;1288
645;645;1290
646;646;1292
647;647;1294
648;648;1296
649;649;1298
650;650;1300
651;651;1302
652;652;1304
653;653;1306
654;654;1308
655;655;1310
656;656;1312
657;657;1314
658;658;1316
659;659;1318
660;660;1320
661;661;1322
662;662;1324
663;663;1326
664;664;1328
665;665;1330
666;666;1332
667;667;1334
668;668;1336
669;669;1338
670;670;1340
671;671;1342
672;672;1344
673;673;1346
674;674;1348
675;675;1350
676;676;1352
677;677;1354
678;678;1356
679;679;1358
680;680;1360
681;681;1362
682;682;1364
683;683;1366
684;684;1368
685;685;1370
686;686;1372
687;687;1374
688;688;1376
689;689;1378
690;690;1380
691;691;1382
692;692;1384
693;693;1386
694;694;1388
695;695;1390
696;696;1392
697;697;1394
698;698;1396
699;699;1398
700;700;1400
701;701;1402
702;702;1404
703;703;1406
704;704;1408
705;705;1410
706;706;1412
707;707;1414
708;708;1416
709;709;1418
710;710;1420
711;711;1422
712;712;1424
713;713;1426
714;714;1428
715;715;1430
716;716;1432
717;717;1434
718;718;1436
719;719;1438
720;720;1440
721;721;1442
722;722;1444
723;723;1446
724;724;1448
725;725;1450
726;726;1452
727;727;1454
728;728;1456
729;729;1458
730;730;1460
731;731;1462
732;732;1464
733;733;1466
734;734;1468
735;735;1470
736;736;1472
737;737;1474
738;738;1476
739;739;1478
740;740;1480
741;741;1482
742;742;1484
743;743;1486
744;744;1488
745;745;1490
746;746;1492
747;747;1494
748;748;1496
749;749;1498
750;750;1500
751;751;1502
752;752;1504
753;753;1506
754;754;1508
755;755;1510
756;756;1512
757;757;1514
758;758;1516
759;759;1518
760;760;1520
761;761;1522
762;762;1524
763;763;1526
764;764;1528
765;765;1530
766;766;1532
767;767;1534
768;768;1536
769;769;1538
770;770;1540
771;771;1542
772;772;1544
773;773;1546
774;774;1548
775;775;1550
776;776;1552
777;777;1554
778;778;1556
779;779;1558
780;780;1560
781;781;1562
782;782;1564
783;783;1566
784;784;1568
785;785;1570
786;786;1572
787;787;1574
788;788;1576
789;789;1578
790;790;1580
791;791;1582
792;792;1584
793;793;1586
794;794;1588
795;795;1590
796;796;1592
797;797;1594
798;798;1596
799;799;1598
800;800;1600
801;801;1602
802;802;1604
803;803;1606
804;804;1608
805;805;1610
806;806;1612
807;807;1614
808;808;1616
809;809;1618
810;810;1620
811;811;1622
812;812;1624
813;813;1626
814;814;1628
815;815;1630
816;816;1632
817;817;1634
818;818;1636
819;819;1638
820;820;1640
821;821;1642
822;822;1644
823;823;1646
824;824;1648
825;825;1650
826;826;1652
827;827;1654
828;828;1656
829;829;1658
830;830;1660
831;831;1662
832;832;1664
833;833;1666
834;834;1668
835;835;1670
836;836;1672
837;837;1674
838;838;1676
839;839;1678
840;840;1680
841;841;1682
842;842;1684
843;843;1686
844;844;1688
845;845;1690
846;846;1692
847;847;1694
848;848;1696
849;849;1698
850;850;1700
851;851;1702
852;852;1704
853;853;1706
854;854;1708
855;855;1710
856;856;1712
857;857;1714
858;858;1716
859;859;1718
860;860;1720
861;861;1722
862;862;1724
863;863;1726
864;864;1728
865;865;1730
866;866;1732
867;867;1734
868;868;1736
869;869;1738
870;870;1740
871;871;1742
872;872;1744
873;873;1746
874;874;1748
875;875;1750
876;876;1752
877;877;1754
878;878;1756
879;879;1758
880;880;1760
881;881;1762
882;882;1764
883;883;1766
884;884;1768
885;885;1770
886;886;1772
887;887;1774
888;888;1776
889;889;1778
890;890;1780
891;891;1782
892;892;1784
893;893;1786
894;894;1788
895;895;1790
896;896;1792
897;897;1794
898;898;1796
899;899;1798
900;900;1800
901;901;1802
902;902;1804
903;903;1806
904;904;1808
905;905;1810
906;906;1812
907;907;1814
908;908;1816
909;909;1818
910;910;1820
911;911;1822
912;912;1824
913;913;1826
914;914;1828
915;915;1830
916;916;1832
917;917;1834
918;918;1836
919;919;1838
920;920;1840
921;921;1842
922;922;1844
923;923;1846
924;924;1848
925;925;1850
926;926;1852
927;927;1854
928;928;1856
929;929;1858
930;930;1860
931;931;1862
932;932;1864
933;933;1866
934;934;1868
935;935;1870
936;936;1872
937;937;1874
938;938;1876
939;939;1878
940;940;1880
941;941;1882
942;942;1884
943;943;1886
944;944;1888
945;945;1890
946;946;1892
947;947;1894
948;948;1896
949;949;1898
950;950;1900
951;951;1902
952;952;1904
953;953;1906
954;954;1908
955;955;1910
956;956;1912
957;957;1914
958;958;1916
959;959;1918
960;960;1920
961;961;1922
962;962;1924
963;963;1926
964;964;1928
965;965;1930
966;966;1932
967;967;1934
968;968;1936
969;969;1938
970;970;1940
971;971;1942
972;972;1944
973;973;1946
974;974;1948
975;975;1950
976;976;1952
977;977;1954
978;978;1956
979;979;1958
980;980;1960
981;981;1962
982;982;1964
983;983;1966
984;984;1968
985;985;1970
986;986;1972
987;987;1974
988;988;1976
989;989;1978
990;990;1980
991;991;1982
992;992;1984
993;993;1986
994;994;1988
995;995;1990
996;996;1992
997;997;1994
998;998;1996
999;999;1998
1000;1000;2000
1001;1001;2002
1002;1002;2004
1003;1003;2006
1004;1004;2008
1005;1005;2010
1006;1006;2012
1007;1007;2014
1008;1008;2016
1009;1009;2018
1010;1010;2020
1011;1011;2022
1012;1012;2024
1013;1013;2026
1014;1014;2028
1015;1015;2030
1016;1016;2032
1017;1017;2034
1018;1018;2036
1019;1019;2038
1020;1020;2040
1021;1021;2042
1022;1022;2044
1023;1023;2046
1024;1024;2048
1025;1025;2050
1026;1026;2052
1027;1027;2054
1028;1028;2056
1029;1029;2058
1030;1030;2060
1031;1031;2062
1032;1032;2064
1033;1033;2066
1034;1034;2068
1035;1035;2070
1036;1036;2072
1037;1037;2074
1038;1038;2076
1039;1039;2078
1040;1040;2080
1041;1041;2082
1042;1042;2084
1043;1043;2086
1044;1044;2088
1045;1045;2090
1046;1046;2092
1047;1047;2094
1048;1048;2096
1049;1049;2098
1050;1050;2100
1051;1051;2102
1052;1052;2104
1053;1053;2106
1054;1054;2108
1055;1055;2110
1056;1056;2112
1057;1057;2114
1058;1058;2116
1059;1059;2118
1060;1060;2120
1061;1061;2122
1062;1062;2124
1063;1063;2126
1064;1064;2128
1065;1065;2130
1066;1066;2132
1067;1067;2134
1068;1068;2136
1069;1069;2138
1070;1070;2140
1071;1071;2142
1072;1072;2144
1073;1073;2146
1074;1074;2148
1075;1075;2150
1076;1076;2152
1077;1077;2154
1078;1078;2156
1079;1079;2158
1080;1080;2160
1081;1081;2162
1082;1082;2164
1083;1083;2166
1084;1084;2168
1085;1085;2170
1086;1086;2172
1087;1087;2174
1088;1088;2176
1089;1089;2178
1090;1090;2180
1091;1091;2182
1092;1092;2184
1093;1093;2186
1094;1094;2188
1095;1095;2190
1096;1096;2192
1097;1097;2194
1098;1098;2196
1099;1099;2198
1100;1100;2200
1101;1101;2202
1102;1102;2204
1103;1103;2206
1104;1104;2208
1105;1105;2210
1106;1106;2212
1107;1107;2214
1108;1108;2216
1109;1109;2218
1110;1110;2220
1111;1111;2222
1112;1112;2224
1113;1113;2226
1114;1114;2228
1115;1115;2230
1116;1116;2232
1117;1117;2234
1118;1118;2236
1119;1119;2238
1120;1120;2240
1121;1121;2242
1122;1122;2244
1123;1123;2246
1124;1124;2248
1125;1125;2250
1126;1126;2252
1127;1127;2254
1128;1128;2256
1129;1129;2258
1130;1130;2260
1131;1131;2262
1132;1132;2264
1133;1133;2266
1134;1134;2268
1135;1135;2270
1136;1136;2272
1137;1137;2274
1138;1138;2276
1139;1139;2278
1140;1140;2280
1141;1141;2282
1142;1142;2284
1143;1143;2286
1144;1144;2288
1145;1145;2290
1146;1146;2292
1147;1147;2294
1148;1148;2296
1149;1149;2298
1150;1150;2300
1151;1151;2302
1152;1152;2304
1153;1153;2306
1154;1154;2308
1155;1155;2310
1156;1156;2312
1157;1157;2314
1158;1158;2316
1159;1159;2318
1160;1160;2320
1161;1161;2322
1162;1162;2324
1163;1163;2326
1164;1164;2328
1165;1165;2330
1166;1166;2332
1167;1167;2334
1168;1168;2336
1169;1169;2338
1170;1170;2340
1171;1171;2342
1172;1172;2344
1173;1173;2346
1174;1174;2348
1175;1175;2350
1176;1176;2352
1177;1177;2354
1178;1178;2356
1179;1179;2358
1180;1180;2360
1181;1181;2362
1182;1182;2364
1183;1183;2366
1184;1184;2368
1185;1185;2370
1186;1186;2372
1187;1187;2374
1188;1188;2376
1189;1189;2378
1190;1190;2380
1191;1191;2382
1192;1192;2384
1193;1193;2386
1194;1194;2388
1195;1195;2390
1196;1196;2392
1197;1197;2394
1198;1198;2396
1199;1199;2398
1200;1200;2400
1201;1201;2402
1202;1202;2404
1203;1203;2406
1204;1204;2408
1205;1205;2410
1206;1206;2412
1207;1207;2414
1208;1208;2416
1209;1209;2418
1210;1210;2420
1211;1211;2422
1212;1212;2424
1213;1213;2426
1214;1214;2428
1215;1215;2430
1216;1216;2432
1217;1217;2434
1218;1218;2436
1219;1219;2438
1220;1220;2440
1221;1221;2442
1222;1222;2444
1223;1223;2446
1224;1224;2448
1225;1225;2450
1226;1226;2452
1227;1227;2454
1228;1228;2456
1229;1229;2458
1230;1230;2460
1231;1231;2462
1232;1232;2464
1233;1233;2466
1234;1234;2468
1235;1235;2470
1236;1236;2472
1237;1237;2474
1238;1238;2476
1239;1239;2478
1240;1240;2480
1241;1241;2482
1242;1242;2484
1243;1243;2486
1244;1244;2488
1245;1245;2490
1246;1246;2492
1247;1247;2494
1248;1248;2496
1249;1249;2498
1250;1250;2500
1251;1251;2502
1252;1252;2504
1253;1253;2506
1254;1254;2508
1255;1255;2510
1256;1256;2512
1257;1257;2514
1258;1258;2516
1259;1259;2518
1260;1260;2520
1261;1261;2522
1262;1262;2524
1263;1263;2526
1264;1264;2528
1265;1265;2530
1266;1266;2532
1267;1267;2534
1268;1268;2536
1269;1269;2538
1270;1270;2540
1271;1271;2542
1272;1272;2544
1273;1273;2546
1274;1274;2548
1275;1275;2550
1276;1276;2552
1277;1277;2554
1278;1278;2556
1279;1279;2558
1280;1280;2560
1281;1281;2562
1282;1282;2564
1283;1283;2566
1284;1284;2568
1285;1285;2570
1286;1286;2572
1287;1287;2574
1288;1288;2576
1289;1289;2578
1290;1290;2580
1291;1291;2582
1292;1292;2584
1293;1293;2586
1294;1294;2588
1295;1295;2590
1296;1296;2592
1297;1297;2594
1298;1298;2596
1299;1299;2598
1300;1300;2600
1301;1301;2602
1302;1302;2604
1303;1303;2606
1304;1304;2608
1305;1305;2610
1306;1306;2612
1307;1307;2614
1308;1308;2616
1309;1309;2618
1310;1310;2620
1311;1311;2622
1312;1312;2624
1313;1313;2626
1314;1314;2628
1315;1315;2630
1316;1316;2632
1317;1317;2634
1318;1318;2636
1319;1319;2638
1320;1320;2640
1321;1321;2642
1322;1322;2644
1323;1323;2646
1324;1324;2648
1325;1325;2650
1326;1326;2652
1327;1327;2654
1328;1328;2656
1329;1329;2658
1330;1330;2660
1331;1331;2662
1332;1332;2664
1333;1333;2666
1334;1334;2668
1335;1335;2670
1336;1336;2672
1337;1337;2674
1338;1338;2676
1339;1339;2678
1340;1340;2680
1341;1341;2682
1342;1342;2684
1343;1343;2686
1344;1344;2688
1345;1345;2690
1346;1346;2692
1347;1347;2694
1348;1348;2696
1349;1349;2698
1350;1350;2700
1351;1351;2702
1352;1352;2704
1353;1353;2706
1354;1354;2708
1355;1355;2710
1356;1356;2712
1357;1357;2714
1358;1358;2716
1359;1359;2718
1360;1360;2720
1361;1361;2722
1362;1362;2724
1363;1363;2726
1364;1364;2728
1365;1365;2730
1366;1366;2732
1367;1367;2734
1368;1368;2736
1369;1369;2738
1370;1370;2740
1371;1371;2742
1372;1372;2744
1373;1373;2746
1374;1374;2748
1375;1375;2750
1376;1376;2752
1377;1377;2754
1378;1378;2756
1379;1379;2758
1380;1380;2760
1381;1381;2762
1382;1382;2764
1383;1383;2766
1384;1384;2768
1385;1385;2770
1386;1386;2772
1387;1387;2774
1388;1388;2776
1389;1389;2778
1390;1390;2780
1391;1391;2782
1392;1392;2784
1393;1393;2786
1394;1394;2788
1395;1395;2790
1396;1396;2792
1397;1397;2794
1398;1398;2796
1399;1399;2798
1400;1400;2800
1401;1401;2802
1402;1402;2804
1403;1403;2806
1404;1404;2808
1405;1405;2810
1406;1406;2812
1407;1407;2814
1408;1408;2816
1409;1409;2818
1410;1410;2820
1411;1411;2822
1412;1412;2824
1413;1413;2826
1414;1414;2828
1415;1415;2830
1416;1416;2832
1417;1417;2834
1418;1418;2836
1419;1419;2838
1420;1420;2840
1421;1421;2842
1422;1422;2844
1423;1423;2846
1424;1424;2848
1425;1425;2850
1426;1426;2852
1427;1427;2854
1428;1428;2856
1429;1429;2858
1430;1430;2860
1431;1431;2862
1432;1432;2864
1433;1433;2866
1434;1434;2868
1435;1435;2870
1436;1436;2872
1437;1437;2874
1438;1438;2876
1439;1439;2878
1440;1440;2880
1441;1441;2882
1442;1442;2884
1443;1443;2886
1444;1444;2888
1445;1445;2890
1446;1446;2892
1447;1447;2894
1448;1448;2896
1449;1449;2898
1450;1450;2900
1451;1451;2902
1452;1452;2904
1453;1453;2906
1454;1454;2908
1455;1455;2910
1456;1456;2912
1457;1457;2914
1458;1458;2916
1459;1459;2918
1460;1460;2920
1461;1461;2922
1462;1462;2924
1463;1463;2926
1464;1464;2928
1465;1465;2930
1466;1466;2932
1467;1467;2934
1468;1468;2936
1469;1469;2938
1470;1470;2940
1471;1471;2942
1472;1472;2944
1473;1473;2946
1474;1474;2948
1475;1475;2950
1476;1476;2952
1477;1477;2954
1478;1478;2956
1479;1479;2958
1480;1480;2960
1481;1481;2962
1482;1482;2964
1483;1483;2966
1484;1484;2968
1485;1485;2970
1486;1486;2972
1487;1487;2974
1488;1488;2976
1489;1489;2978
1490;1490;2980
1491;1491;2982
1492;1492;2984
1493;1493;2986
1494;1494;2988
1495;1495;2990
1496;1496;2992
1497;1497;2994
1498;1498;2996
1499;1499;2998
1500;1500;3000
1501;1501;3002
1502;1502;3004
1503;1503;3006
1504;1504;3008
1505;1505;3010
1506;1506;3012
1507;1507;3014
1508;1508;3016
1509;1509;3018
1510;1510;3020
1511;1511;3022
1512;1512;3024
1513;1513;3026
1514;1514;3028
1515;1515;3030
1516;1516;3032
1517;1517;3034
1518;1518;3036
1519;1519;3038
1520;1520;3040
1521;1521;3042
1522;1522;3044
1523;1523;3046
1524;1524;3048
1525;1525;3050
1526;1526;3052
1527;1527;3054
1528;1528;3056
1529;1529;3058
1530;1530;3060
1531;1531;3062
1532;1532;3064
1533;1533;3066
1534;1534;3068
1535;1535;3070
1536;1536;3072
1537;1537;3074
1538;1538;3076
1539;1539;3078
1540;1540;3080
1541;1541;3082
1542;1542;3084
1543;1543;3086
1544;1544;3088
1545;1545;3090
1546;1546;3092
1547;1547;3094
1548;1548;3096
1549;1549;3098
1550;1550;3100
1551;1551;3102
1552;1552;3104
1553;1553;3106
1554;1554;3108
1555;1555;3110
1556;1556;3112
1557;1557;3114
1558;1558;3116
1559;1559;3118
1560;1560;3120
1561;1561;3122
1562;1562;3124
1563;1563;3126
1564;1564;3128
1565;1565;3130
1566;1566;3132
1567;1567;3134
1568;1568;3136
1569;1569;3138
1570;1570;3140
1571;1571;3142
1572;1572;3144
1573;1573;3146
1574;1574;3148
1575;1575;3150
1576;1576;3152
1577;1577;3154
1578;1578;3156
1579;1579;3158
1580;1580;3160
1581;1581;3162
1582;1582;3164
1583;1583;3166
1584;1584;3168
1585;1585;3170
1586;1586;3172
1587;1587;3174
1588;1588;3176
1589;1589;3178
1590;1590;3180
1591;1591;3182
1592;1592;3184
1593;1593;3186
1594;1594;3188
1595;1595;3190
1596;1596;3192
1597;1597;3194
1598;1598;3196
1599;1599;3198
1600;1600;3200
1601;1601;3202
1602;1602;3204
1603;1603;3206
1604;1604;3208
1605;1605;3210
1606;1606;3212
1607;1607;3214
1608;1608;3216
1609;1609;3218
1610;1610;3220
1611;1611;3222
1612;1612;3224
1613;1613;3226
1614;1614;3228
1615;1615;3230
1616;1616;3232
1617;1617;3234
1618;1618;3236
1619;1619;3238
1620;1620;3240
1621;1621;3242
1622;1622;3244
1623;1623;3246
1624;1624;3248
1625;1625;3250
1626;1626;3252
1627;1627;3254
1628;1628;3256
1629;1629;3258
1630;1630;3260
1631;1631;3262
1632;1632;3264
1633;1633;3266
1634;1634;3268
1635;1635;3270
1636;1636;3272
1637;1637;3274
1638;1638;3276
1639;1639;3278
1640;1640;3280
1641;1641;3282
1642;1642;3284
1643;1643;3286
1644;1644;3288
1645;1645;3290
1646;1646;3292
1647;1647;3294
1648;1648;3296
1649;1649;3298
1650;1650;3300
1651;1651;3302
1652;1652;3304
1653;1653;3306
1654;1654;3308
1655;1655;3310
1656;1656;3312
1657;1657;3314
1658;1658;3316
1659;1659;3318
1660;1660;3320
1661;1661;3322
1662;1662;3324
1663;1663;3326
1664;1664;3328
1665;1665;3330
1666;1666;3332
1667;1667;3334
1668;1668;3336
1669;1669;3338
1670;1670;3340
1671;1671;3342
1672;1672;3344
1673;1673;3346
1674;1674;3348
1675;1675;3350
1676;1676;3352
1677;1677;3354
1678;1678;3356
1679;1679;3358
1680;1680;3360
1681;1681;3362
1682;1682;3364
1683;1683;3366
1684;1684;3368
1685;1685;3370
1686;1686;3372
1687;1687;3374
1688;1688;3376
1689;1689;3378
1690;1690;3380
1691;1691;3382
1692;1692;3384
1693;1693;3386
1694;1694;3388
1695;1695;3390
1696;1696;3392
1697;1697;3394
1698;1698;3396
1699;1699;3398
1700;1700;3400
1701;1701;3402
1702;1702;3404
1703;1703;3406
1704;1704;3408
1705;1705;3410
1706;1706;3412
1707;1707;3414
1708;1708;3416
1709;1709;3418
1710;1710;3420
1711;1711;3422
1712;1712;3424
1713;1713;3426
1714;1714;3428
1715;1715;3430
1716;1716;3432
1717;1717;3434
1718;1718;3436
1719;1719;3438
1720;1720;3440
1721;1721;3442
1722;1722;3444
1723;1723;3446
1724;1724;3448
1725;1725;3450
1726;1726;3452
1727;1727;3454
1728;1728;3456
1729;1729;3458
1730;1730;3460
1731;1731;3462
1732;1732;3464
1733;1733;3466
1734;1734;3468
1735;1735;3470
1736;1736;3472
1737;1737;3474
1738;1738;3476
1739;1739;3478
1740;1740;3480
1741;1741;3482
1742;1742;3484
1743;1743;3486
1744;1744;3488
1745;1745;3490
1746;1746;3492
1747;1747;3494
1748;1748;3496
1749;1749;3498
1750;1750;3500
1751;1751;3502
1752;1752;3504
1753;1753;3506
1754;1754;3508
1755;1755;3510
1756;1756;3512
1757;1757;3514
1758;1758;3516
1759;1759;3518
1760;1760;3520
1761;1761;3522
1762;1762;3524
1763;1763;3526
1764;1764;3528
1765;1765;3530
1766;1766;3532
1767;1767;3534
1768;1768;3536
1769;1769;3538
1770;1770;3540
1771;1771;3542
1772;1772;3544
1773;1773;3546
1774;1774;3548
1775;1775;3550
1776;1776;3552
1777;1777;3554
1778;1778;3556
1779;1779;3558
1780;1780;3560
1781;1781;3562
1782;1782;3564
1783;1783;3566
1784;1784;3568
1785;1785;3570
1786;1786;3572
1787;1787;3574
1788;1788;3576
1789;1789;3578
1790;1790;3580
1791;1791;3582
1792;1792;3584
1793;1793;3586
1794;1794;3588
1795;1795;3590
1796;1796;3592
1797;1797;3594
1798;1798;3596
1799;1799;3598
1800;1800;3600
1801;1801;3602
1802;1802;3604
1803;1803;3606
1804;1804;3608
1805;1805;3610
1806;1806;3612
1807;1807;3614
1808;1808;3616
1809;1809;3618
1810;1810;3620
1811;1811;3622
1812;1812;3624
1813;1813;3626
1814;1814;3628
1815;1815;3630
1816;1816;3632
1817;1817;3634
1818;1818;3636
1819;1819;3638
1820;1820;3640
1821;1821;3642
1822;1822;3644
1823;1823;3646
1824;1824;3648
1825;1825;3650
1826;1826;3652
1827;1827;3654
1828;1828;3656
1829;1829;3658
1830;1830;3660
1831;1831;3662
1832;1832;3664
1833;1833;3666
1834;1834;3668
1835;1835;3670
1836;1836;3672
1837;1837;3674
1838;1838;3676
1839;1839;3678
1840;1840;3680
1841;1841;3682
1842;1842;3684
1843;1843;3686
1844;1844;3688
1845;1845;3690
1846;1846;3692
1847;1847;3694
1848;1848;3696
1849;1849;3698
1850;1850;3700
1851;1851;3702
1852;1852;3704
1853;1853;3706
1854;1854;3708
1855;1855;3710
1856;1856;3712
1857;1857;3714
1858;1858;3716
1859;1859;3718
1860;1860;3720
1861;1861;3722
1862;1862;3724
1863;1863;3726
1864;1864;3728
1865;1865;3730
1866;1866;3732
1867;1867;3734
1868;1868;3736
1869;1869;3738
1870;1870;3740
1871;1871;3742
1872;1872;3744
1873;1873;3746
1874;1874;3748
1875;1875;3750
1876;1876;3752
1877;1877;3754
1878;1878;3756
1879;1879;3758
1880;1880;3760
1881;1881;3762
1882;1882;3764
1883;1883;3766
1884;1884;3768
1885;1885;3770
1886;1886;3772
1887;1887;3774
1888;1888;3776
1889;1889;3778
1890;1890;3780
1891;1891;3782
1892;1892;3784
1893;1893;3786
1894;1894;3788
1895;1895;3790
1896;1896;3792
1897;1897;3794
1898;1898;3796
1899;1899;3798
1900;1900;3800
1901;1901;3802
1902;1902;3804
1903;1903;3806
1904;1904;3808
1905;1905;3810
1906;1906;3812
1907;1907;3814
1908;1908;3816
1909;1909;3818
1910;1910;3820
1911;1911;3822
1912;1912;3824
1913;1913;3826
1914;1914;3828
1915;1915;3830
1916;1916;3832
1917;1917;3834
1918;1918;3836
1919;1919;3838
1920;1920;3840
1921;1921;3842
1922;1922;3844
1923;1923;3846
1924;1924;3848
1925;1925;3850
1926;1926;3852
1927;1927;3854
1928;1928;3856
1929;1929;3858
1930;1930;3860
1931;1931;3862
1932;1932;3864
1933;1933;3866
1934;1934;3868
1935;1935;3870
1936;1936;3872
1937;1937;3874
1938;1938;3876
1939;1939;3878
1940;1940;3880
1941;1941;3882
1942;1942;3884
1943;1943;3886
1944;1944;3888
1945;1945;3890
1946;1946;3892
1947;1947;3894
1948;1948;3896
1949;1949;3898
1950;1950;3900
1951;1951;3902
1952;1952;3904
1953;1953;3906
1954;1954;3908
1955;1955;3910
1956;1956;3912
1957;1957;3914
1958;1958;3916
1959;1959;3918
1960;1960;3920
1961;1961;3922
1962;1962;3924
1963;1963;3926
1964;1964;3928
1965;1965;3930
1966;1966;3932
1967;1967;3934
1968;1968;3936
1969;1969;3938
1970;1970;3940
1971;1971;3942
1972;1972;3944
1973;1973;3946
1974;1974;3948
1975;1975;3950
1976;1976;3952
1977;1977;3954
1978;1978;3956
1979;1979;3958
1980;1980;3960
1981;1981;3962
1982;1982;3964
1983;1983;3966
1984;1984;3968
1985;1985;3970
1986;1986;3972
1987;1987;3974
1988;1988;3976
1989;1989;3978
1990;1990;3980
1991;1991;3982
1992;1992;3984
1993;1993;3986
1994;1994;3988
1995;1995;3990
1996;1996;3992
1997;1997;3994
1998;1998;3996
1999;1999;3998
