-1;1;2
0;2;2
1;1;2
0;2;2
1;1;2
2;2;4
1;1;2
0;0;0
1;1;2
2;0;2
1;-1;2
0;0;0
-1;-1;2
-2;-2;4
-3;-1;4
-2;0;2
-1;-1;2
-2;-2;4
-1;-1;2
-2;0;2
-3;1;4
-4;2;6
-5;3;8
-6;2;8
-5;1;6
-4;0;4
-5;-1;6
-6;0;6
-7;-1;8
-8;0;8
-9;-1;10
-8;0;8
-7;-1;8
-8;-2;10
-9;-1;10
-10;0;10
-9;1;10
-10;0;10
-9;1;10
-8;2;10
-7;3;10
-8;2;10
-7;1;8
-8;0;8
-7;1;8
-8;0;8
-9;-1;10
-10;0;10
-11;1;12
-12;2;14
-13;3;16
-14;2;16
-15;3;18
-16;2;18
-15;1;16
-14;2;16
-13;1;14
-14;2;16
-13;3;16
-14;4;18
-13;5;18
-12;6;18
-13;5;18
-12;6;18
-11;5;16
-12;4;16
-13;5;18
-12;6;18
-11;5;16
-10;6;16
-11;7;18
-12;6;18
-13;7;20
-14;8;22
-15;9;24
-14;8;22
-13;9;22
-14;8;22
-13;7;20
-12;8;20
-11;7;18
-12;8;20
-13;7;20
-12;6;18
-13;7;20
-14;8;22
-13;9;22
-14;10;24
-15;11;26
-14;12;26
-13;13;26
-14;14;28
-15;13;28
-16;12;28
-15;11;26
-16;10;26
-15;11;26
-16;10;26
-17;9;26
-16;10;26
-15;11;26
-14;12;26
-13;11;24
-12;10;22
-13;11;24
-14;10;24
-15;9;24
-16;10;26
-15;9;24
-16;10;26
-15;11;26
-16;10;26
-15;11;26
-14;10;24
-13;9;22
-12;10;22
-13;11;24
-12;10;22
-11;9;20
-12;8;20
-13;9;22
-14;10;24
-15;11;26
-14;10;24
-15;9;24
-14;10;24
-15;9;24
-16;8;24
-15;7;22
-16;8;24
-15;7;22
-14;6;20
-15;7;22
-16;6;22
-17;7;24
-18;6;24
-17;7;24
-18;8;26
-17;9;26
-18;10;28
-19;9;28
-18;8;26
-19;7;26
-18;6;24
-17;5;22
-18;4;22
-17;3;20
-16;4;20
-17;3;20
-18;2;20
-19;3;22
-18;4;22
-17;3;20
-16;2;18
-17;1;18
-18;0;18
-19;-1;20
-18;0;18
-17;1;18
-18;2;20
-17;3;20
-18;4;22
-19;5;24
-18;6;24
-19;7;26
-20;6;26
-19;5;24
-20;4;24
-21;3;24
-20;4;24
-19;3;22
-20;2;22
-19;1;20
-20;2;22
-19;3;22
-18;4;22
-17;5;22
-16;4;20
-15;3;18
-14;2;16
-15;1;16
-14;0;14
-15;-1;16
-14;0;14
-13;1;14
-12;0;12
-13;1;14
-12;0;12
-13;1;14
-14;0;14
-13;1;14
-14;0;14
-13;1;14
-12;2;14
-13;3;16
-14;4;18
-13;5;18
-14;4;18
-15;5;20
-16;6;22
-15;5;20
-16;6;22
-17;5;22
-18;4;22
-19;3;22
-18;4;22
-19;5;24
-20;4;24
-19;3;22
-20;2;22
-19;3;22
-20;4;24
-19;5;24
-20;6;26
-19;7;26
-18;6;24
-19;5;24
-20;4;24
-19;5;24
-18;6;24
-19;7;26
-18;8;26
-17;7;24
-18;8;26
-17;9;26
-18;10;28
-19;11;30
-18;10;28
-19;9;28
-20;8;28
-21;7;28
-20;6;26
-19;5;24
-18;4;22
-17;5;22
-18;4;22
-17;3;20
-16;2;18
-15;1;16
-16;2;18
-15;1;16
-16;0;16
-17;-1;18
-16;0;16
-17;1;18
-16;2;18
-17;3;20
-18;4;22
-17;3;20
-18;4;22
-19;5;24
-20;6;26
-21;5;26
-22;4;26
-23;5;28
-24;4;28
-25;5;30
-24;4;28
-23;5;28
-24;4;28
-23;3;26
-24;4;28
-23;3;26
-22;4;26
-21;3;24
-20;4;24
-21;3;24
-20;4;24
-21;3;24
-22;4;26
-23;5;28
-24;4;28
-25;3;28
-24;2;26
-25;1;26
-24;2;26
-25;1;26
-24;0;24
-23;1;24
-24;0;24
-25;-1;26
-26;0;26
-25;-1;26
-24;-2;26
-23;-3;26
-24;-4;28
-25;-3;28
-24;-2;26
-25;-1;26
-26;-2;28
-25;-3;28
-26;-4;30
-27;-5;32
-26;-6;32
-27;-7;34
-26;-6;32
-25;-7;32
-24;-6;30
-23;-5;28
-22;-4;26
-23;-5;28
-22;-4;26
-21;-3;24
-22;-4;26
-23;-3;26
-22;-4;26
-21;-5;26
-20;-6;26
-19;-5;24
-18;-6;24
-19;-7;26
-20;-8;28
-19;-9;28
-20;-10;30
-21;-11;32
-22;-10;32
-23;-11;34
-24;-12;36
-23;-11;34
-22;-12;34
-21;-13;34
-20;-12;32
-19;-11;30
-20;-12;32
-19;-11;30
-18;-12;30
-19;-11;30
-18;-12;30
-19;-13;32
-18;-14;32
-19;-13;32
-20;-12;32
-21;-11;32
-22;-12;34
-21;-13;34
-20;-14;34
-19;-13;32
-20;-14;34
-19;-15;34
-18;-14;32
-19;-13;32
-20;-12;32
-19;-13;32
-20;-12;32
-21;-11;32
-22;-10;32
-21;-9;30
-20;-10;30
-21;-11;32
-22;-12;34
-21;-13;34
-20;-14;34
-19;-13;32
-18;-12;30
-19;-11;30
-20;-10;30
-19;-9;28
-18;-10;28
-17;-11;28
-18;-12;30
-19;-11;30
-20;-12;32
-19;-13;32
-20;-14;34
-19;-13;32
-20;-12;32
-21;-13;34
-22;-14;36
-23;-15;38
-22;-14;36
-23;-15;38
-22;-14;36
-23;-13;36
-24;-14;38
-23;-13;36
-22;-14;36
-21;-15;36
-22;-14;36
-21;-13;34
-20;-12;32
-19;-13;32
-20;-14;34
-19;-13;32
-20;-12;32
-19;-13;32
-18;-14;32
-17;-15;32
-18;-16;34
-19;-15;34
-20;-16;36
-19;-17;36
-20;-16;36
-21;-15;36
-22;-16;38
-21;-17;38
-20;-16;36
-19;-17;36
-20;-16;36
-21;-15;36
-20;-16;36
-21;-17;38
-22;-18;40
-21;-17;38
-22;-18;40
-23;-17;40
-24;-18;42
-25;-17;42
-24;-16;40
-23;-17;40
-22;-16;38
-21;-15;36
-20;-14;34
-21;-15;36
-20;-14;34
-19;-15;34
-18;-16;34
-17;-17;34
-18;-16;34
-19;-15;34
-20;-14;34
-19;-13;32
-18;-14;32
-17;-13;30
-16;-12;28
-17;-11;28
-16;-12;28
-15;-11;26
-16;-12;28
-15;-13;28
-16;-12;28
-15;-13;28
-16;-12;28
-15;-11;26
-14;-10;24
-13;-9;22
-12;-8;20
-11;-7;18
-10;-8;18
-9;-7;16
-10;-8;18
-9;-7;16
-8;-6;14
-7;-7;14
-8;-6;14
-9;-5;14
-8;-6;14
-7;-5;12
-6;-4;10
-5;-3;8
-4;-4;8
-3;-5;8
-4;-6;10
-5;-7;12
-4;-6;10
-5;-7;12
-6;-8;14
-7;-7;14
-8;-6;14
-9;-5;14
-8;-4;12
-9;-5;14
-8;-6;14
-9;-5;14
-10;-6;16
-9;-5;14
-8;-6;14
-9;-5;14
-8;-4;12
-9;-3;12
-8;-4;12
-9;-3;12
-8;-4;12
-7;-3;10
-8;-4;12
-7;-5;12
-6;-6;12
-5;-5;10
-4;-6;10
-3;-5;8
-4;-4;8
-3;-5;8
-4;-6;10
-5;-7;12
-6;-8;14
-7;-7;14
-6;-8;14
-5;-7;12
-4;-6;10
-3;-7;10
-4;-8;12
-3;-9;12
-2;-10;12
-3;-11;14
-2;-12;14
-3;-13;16
-2;-14;16
-3;-15;18
-2;-14;16
-3;-15;18
-4;-14;18
-5;-15;20
-6;-16;22
-5;-17;22
-6;-16;22
-5;-17;22
-6;-18;24
-5;-17;22
-4;-16;20
-5;-15;20
-6;-14;20
-5;-15;20
-6;-16;22
-7;-17;24
-8;-16;24
-7;-17;24
-6;-16;22
-5;-15;20
-6;-14;20
-7;-15;22
-8;-14;22
-7;-13;20
-8;-12;20
-7;-13;20
-6;-14;20
-7;-13;20
-8;-14;22
-9;-13;22
-8;-12;20
-9;-11;20
-8;-10;18
-9;-11;20
-8;-12;20
-9;-13;22
-8;-12;20
-7;-13;20
-6;-12;18
-7;-13;20
-8;-12;20
-7;-13;20
-8;-12;20
-9;-13;22
-10;-14;24
-11;-13;24
-12;-14;26
-11;-13;24
-12;-14;26
-13;-15;28
-12;-14;26
-11;-13;24
-10;-14;24
-11;-15;26
-12;-16;28
-11;-15;26
-12;-16;28
-11;-15;26
-12;-16;28
-13;-15;28
-12;-16;28
-11;-15;26
-10;-14;24
-9;-15;24
-10;-16;26
-9;-15;24
-10;-14;24
-9;-15;24
-10;-14;24
-9;-15;24
-10;-16;26
-11;-15;26
-10;-16;26
-9;-17;26
-10;-16;26
-11;-17;28
-12;-16;28
-13;-17;30
-12;-18;30
-11;-17;28
-10;-16;26
-9;-17;26
-8;-16;24
-9;-15;24
-8;-16;24
-9;-17;26
-8;-16;24
-9;-15;24
-8;-14;22
-9;-15;24
-8;-16;24
-7;-17;24
-8;-16;24
-7;-17;24
-8;-16;24
-9;-15;24
-8;-16;24
-9;-15;24
-8;-14;22
-7;-13;20
-6;-14;20
-5;-13;18
-4;-14;18
-5;-13;18
-6;-12;18
-7;-13;20
-8;-14;22
-7;-13;20
-8;-12;20
-7;-13;20
-6;-14;20
-7;-13;20
-8;-12;20
-9;-13;22
-10;-14;24
-11;-15;26
-12;-16;28
-13;-17;30
-14;-16;30
-15;-15;30
-16;-14;30
-15;-13;28
-16;-12;28
-17;-13;30
-18;-14;32
-17;-15;32
-16;-16;32
-15;-17;32
-16;-18;34
-15;-17;32
-14;-16;30
-15;-17;32
-16;-18;34
-15;-17;32
-16;-18;34
-17;-17;34
-18;-18;36
-19;-19;38
-20;-18;38
-19;-17;36
-20;-16;36
-19;-17;36
-20;-16;36
-21;-15;36
-22;-16;38
-23;-17;40
-24;-16;40
-25;-17;42
-26;-18;44
-27;-19;46
-28;-18;46
-29;-17;46
-30;-16;46
-31;-17;48
-30;-18;48
-31;-19;50
-32;-20;52
-33;-19;52
-34;-18;52
-35;-17;52
-36;-16;52
-35;-17;52
-34;-18;52
-33;-17;50
-32;-18;50
-33;-19;52
-32;-18;50
-31;-19;50
-32;-20;52
-31;-21;52
-32;-20;52
-33;-19;52
-34;-18;52
-35;-19;54
-34;-18;52
-35;-19;54
-34;-20;54
-33;-19;52
-32;-18;50
-31;-19;50
-30;-20;50
-29;-19;48
-28;-18;46
-29;-19;48
-28;-18;46
-27;-19;46
-26;-20;46
-27;-21;48
-28;-20;48
-27;-21;48
-26;-20;46
-27;-19;46
-28;-20;48
-29;-19;48
-28;-20;48
-29;-19;48
-30;-20;50
-29;-21;50
-28;-22;50
-27;-21;48
-28;-20;48
-29;-21;50
-28;-20;48
-29;-21;50
-30;-22;52
-31;-23;54
-32;-22;54
-31;-23;54
-32;-24;56
-33;-25;58
-32;-24;56
-33;-25;58
-34;-26;60
-33;-27;60
-34;-26;60
-35;-25;60
-36;-24;60
-35;-25;60
-36;-26;62
-35;-25;60
-34;-26;60
-35;-25;60
-36;-26;62
-37;-27;64
-36;-26;62
-35;-27;62
-34;-26;60
-33;-27;60
-34;-28;62
-35;-27;62
-36;-26;62
-37;-25;62
-38;-26;64
-39;-25;64
-38;-24;62
-37;-23;60
-38;-24;62
-37;-25;62
-38;-26;64
-37;-27;64
-38;-26;64
-37;-27;64
-36;-28;64
-37;-27;64
-36;-26;62
-35;-27;62
-34;-28;62
-33;-29;62
-32;-30;62
-33;-29;62
-34;-30;64
-35;-31;66
-36;-32;68
-35;-31;66
-36;-30;66
-37;-29;66
-36;-28;64
-35;-29;64
-36;-30;66
-37;-31;68
-38;-32;70
-37;-33;70
-38;-32;70
-39;-33;72
-38;-32;70
-37;-33;70
-36;-34;70
-35;-35;70
-34;-34;68
-35;-35;70
-34;-34;68
-33;-35;68
-32;-34;66
-31;-35;66
-32;-36;68
-31;-35;66
-30;-36;66
-31;-37;68
-32;-36;68
-33;-37;70
-34;-38;72
-35;-39;74
-34;-40;74
-33;-39;72
-32;-40;72
-31;-39;70
-32;-38;70
-33;-37;70
-32;-38;70
-33;-39;72
-32;-38;70
-33;-39;72
-34;-38;72
-33;-37;70
-34;-38;72
-33;-37;70
-32;-38;70
-33;-37;70
-32;-38;70
-33;-37;70
-32;-38;70
-33;-39;72
-34;-38;72
-35;-39;74
-34;-40;74
-33;-39;72
-34;-40;74
-35;-39;74
-36;-38;74
-35;-37;72
-36;-36;72
-35;-35;70
-36;-36;72
-35;-35;70
-34;-36;70
-33;-35;68
-32;-36;68
-31;-37;68
-30;-38;68
-29;-37;66
-28;-36;64
-27;-37;64
-28;-36;64
-29;-37;66
-28;-36;64
-29;-37;66
-28;-36;64
-29;-35;64
-30;-34;64
-29;-33;62
-30;-32;62
-29;-31;60
-28;-30;58
-29;-29;58
-28;-28;56
-27;-27;54
-26;-26;52
-25;-25;50
-24;-26;50
-25;-25;50
-26;-24;50
-25;-23;48
-24;-24;48
-23;-23;46
-24;-22;46
-23;-23;46
-22;-22;44
-23;-21;44
-24;-20;44
-23;-21;44
-22;-20;42
-23;-21;44
-24;-22;46
-25;-23;48
-26;-22;48
-25;-21;46
-24;-20;44
-23;-21;44
-24;-20;44
-25;-21;46
-24;-22;46
-23;-23;46
-24;-24;48
-25;-23;48
-26;-22;48
-27;-21;48
-26;-22;48
-27;-23;50
-26;-22;48
-27;-23;50
-26;-24;50
-25;-23;48
-26;-22;48
-27;-21;48
-28;-20;48
-29;-21;50
-30;-22;52
-29;-23;52
-28;-22;50
-29;-21;50
-28;-22;50
-27;-21;48
-26;-22;48
-25;-21;46
-26;-22;48
-25;-23;48
-24;-22;46
-25;-23;48
-24;-24;48
-25;-25;50
-26;-26;52
-27;-27;54
-26;-28;54
-25;-29;54
-26;-30;56
-27;-31;58
-26;-32;58
-25;-31;56
-24;-30;54
-25;-31;56
-26;-32;58
-25;-33;58
-26;-34;60
-25;-35;60
-24;-36;60
-25;-35;60
-24;-34;58
-25;-35;60
-26;-36;62
-25;-37;62
-24;-38;62
-23;-39;62
-22;-38;60
-23;-37;60
-22;-36;58
-23;-37;60
-24;-38;62
-23;-37;60
-22;-36;58
-21;-37;58
-20;-38;58
-21;-37;58
-22;-36;58
-23;-35;58
-24;-36;60
-25;-37;62
-24;-36;60
-23;-35;58
-22;-34;56
-21;-35;56
-20;-36;56
-19;-35;54
-18;-36;54
-17;-37;54
-18;-36;54
-17;-37;54
-18;-38;56
-17;-37;54
-18;-38;56
-19;-37;56
-20;-36;56
-21;-37;58
-20;-36;56
-19;-37;56
-18;-36;54
-17;-35;52
-16;-34;50
-15;-33;48
-16;-34;50
-17;-35;52
-18;-36;54
-17;-37;54
-16;-36;52
-17;-37;54
-16;-36;52
-17;-37;54
-18;-38;56
-17;-39;56
-18;-38;56
-17;-39;56
-18;-38;56
-19;-39;58
-20;-38;58
-21;-37;58
-22;-38;60
-23;-37;60
-22;-36;58
-23;-37;60
-22;-38;60
-21;-37;58
-22;-36;58
-23;-35;58
-24;-34;58
-23;-33;56
-22;-32;54
-23;-33;56
-24;-32;56
-23;-31;54
-22;-30;52
-21;-31;52
-22;-30;52
-21;-31;52
-20;-32;52
-19;-31;50
-18;-32;50
-19;-31;50
-20;-30;50
-19;-29;48
-18;-28;46
-17;-29;46
-18;-30;48
-17;-29;46
-18;-30;48
-17;-29;46
-18;-28;46
-19;-27;46
-18;-28;46
-19;-27;46
-20;-26;46
-21;-27;48
-22;-26;48
-23;-25;48
-22;-24;46
-21;-25;46
-20;-24;44
-19;-25;44
-20;-24;44
-21;-23;44
-22;-24;46
-21;-23;44
-20;-22;42
-19;-21;40
-20;-20;40
-21;-19;40
-20;-18;38
-19;-19;38
-18;-20;38
-19;-19;38
-20;-20;40
-21;-19;40
-22;-20;42
-23;-19;42
-22;-20;42
-21;-21;42
-20;-22;42
-19;-21;40
-20;-20;40
-21;-19;40
-20;-18;38
-21;-17;38
-20;-18;38
-21;-17;38
-20;-16;36
-19;-15;34
-20;-14;34
-19;-13;32
-20;-14;34
-19;-15;34
-18;-16;34
-19;-17;36
-18;-18;36
-19;-19;38
-20;-18;38
-21;-17;38
-20;-16;36
-19;-15;34
-20;-14;34
-19;-13;32
-18;-14;32
-17;-13;30
-18;-12;30
-17;-11;28
-18;-12;30
-17;-11;28
-16;-12;28
-17;-11;28
-16;-10;26
-17;-11;28
-18;-10;28
-19;-11;30
-20;-10;30
-19;-9;28
-18;-8;26
-17;-7;24
-18;-6;24
-17;-5;22
-16;-6;22
-17;-5;22
-16;-6;22
-15;-5;20
-14;-6;20
-13;-5;18
-14;-6;20
-15;-5;20
-16;-6;22
-15;-5;20
-16;-4;20
-17;-5;22
-16;-6;22
-17;-5;22
-16;-4;20
-15;-3;18
-16;-4;20
-15;-5;20
-14;-4;18
-15;-3;18
-16;-4;20
-15;-5;20
-14;-4;18
-15;-5;20
-16;-6;22
-15;-5;20
-16;-6;22
-17;-5;22
-16;-4;20
-15;-3;18
-14;-2;16
-15;-3;18
-14;-4;18
-13;-3;16
-12;-4;16
-13;-5;18
-12;-6;18
-11;-5;16
-12;-4;16
-11;-3;14
-12;-2;14
-11;-3;14
-12;-4;16
-13;-5;18
-12;-6;18
-11;-5;16
-12;-6;18
-11;-7;18
-10;-6;16
-9;-5;14
-8;-6;14
-7;-5;12
-6;-4;10
-7;-3;10
-6;-4;10
-5;-3;8
-6;-4;10
-7;-3;10
-6;-2;8
-7;-1;8
-8;-2;10
-9;-1;10
-8;-2;10
-7;-3;10
-8;-2;10
-9;-3;12
-10;-4;14
-9;-5;14
-8;-6;14
-9;-5;14
-8;-4;12
-7;-5;12
-8;-6;14
-9;-7;16
-10;-6;16
-9;-5;14
-8;-6;14
-9;-5;14
-8;-6;14
-9;-7;16
-10;-8;18
-11;-7;18
-10;-8;18
-11;-7;18
-10;-8;18
-11;-7;18
-12;-8;20
-13;-7;20
-14;-6;20
-15;-5;20
-14;-6;20
-15;-5;20
-14;-4;18
-15;-3;18
-16;-2;18
-15;-1;16
-16;-2;18
-15;-1;16
-14;-2;16
-13;-1;14
-12;-2;14
-11;-3;14
-12;-4;16
-13;-3;16
-14;-4;18
-13;-5;18
-12;-6;18
-11;-7;18
-12;-8;20
-13;-7;20
-14;-8;22
-13;-9;22
-12;-8;20
-13;-7;20
-12;-8;20
-11;-7;18
-12;-6;18
-11;-5;16
-12;-6;18
-11;-5;16
-10;-4;14
-9;-5;14
-8;-4;12
-7;-5;12
-8;-6;14
-7;-5;12
-8;-4;12
-9;-5;14
-10;-4;14
-9;-5;14
-8;-4;12
-9;-5;14
-10;-6;16
-11;-5;16
-12;-6;18
-13;-7;20
-14;-8;22
-13;-9;22
-14;-8;22
-15;-7;22
-14;-8;22
-13;-9;22
-14;-8;22
-13;-7;20
-12;-6;18
-13;-5;18
-14;-6;20
-15;-5;20
-14;-4;18
-13;-5;18
-14;-6;20
-15;-7;22
-14;-8;22
-13;-9;22
-12;-10;22
-13;-9;22
-12;-8;20
-13;-7;20
-12;-8;20
-11;-7;18
-10;-6;16
-11;-7;18
-12;-6;18
-13;-7;20
-14;-8;22
-15;-7;22
-16;-6;22
-17;-7;24
-18;-6;24
-19;-7;26
-20;-6;26
-21;-5;26
-20;-4;24
-19;-3;22
-18;-2;20
-19;-1;20
-18;0;18
-19;-1;20
-18;0;18
-19;-1;20
-20;0;20
-19;1;20
-18;0;18
-17;-1;18
-18;-2;20
-19;-3;22
-20;-2;22
-21;-1;22
-22;-2;24
-21;-3;24
-22;-4;26
-23;-3;26
-24;-2;26
-25;-1;26
-24;0;24
-25;-1;26
-24;-2;26
-23;-1;24
-24;0;24
-23;1;24
-24;0;24
-25;1;26
-26;2;28
-25;3;28
-26;2;28
-27;1;28
-26;2;28
-27;3;30
-26;4;30
-25;5;30
-26;4;30
-25;3;28
-26;4;30
-25;5;30
-24;6;30
-23;5;28
-24;6;30
-25;7;32
-24;8;32
-25;9;34
-26;10;36
-27;9;36
-28;10;38
-29;9;38
-28;8;36
-27;7;34
-28;8;36
-29;9;38
-28;8;36
-27;9;36
-28;10;38
-29;11;40
-28;12;40
-27;11;38
-26;10;36
-27;9;36
-26;10;36
-27;9;36
-26;10;36
-25;11;36
-24;12;36
-23;11;34
-22;10;32
-23;11;34
-22;10;32
-21;9;30
-22;8;30
-23;9;32
-22;8;30
-23;9;32
-24;10;34
-23;9;32
-22;8;30
-21;9;30
-22;10;32
-21;9;30
-22;10;32
-21;9;30
-22;8;30
-21;7;28
-20;8;28
-19;9;28
-18;8;26
-17;9;26
-18;8;26
-17;9;26
-18;10;28
-19;9;28
-20;8;28
-21;7;28
-22;6;28
-21;7;28
-20;6;26
-19;5;24
-18;6;24
-19;5;24
-18;4;22
-19;5;24
-20;4;24
-19;5;24
-18;4;22
-17;3;20
-18;2;20
-17;1;18
-16;0;16
-15;-1;16
-14;0;14
-13;1;14
-14;2;16
-13;3;16
-12;2;14
-13;3;16
-12;4;16
-13;3;16
-14;2;16
-15;1;16
-14;0;14
-13;1;14
-12;2;14
-13;3;16
-14;2;16
-13;1;14
-14;2;16
-13;1;14
-12;2;14
-13;3;16
-14;4;18
-13;3;16
-12;2;14
-13;1;14
-14;2;16
-13;1;14
-12;2;14
-13;3;16
-12;4;16
-13;3;16
-14;2;16
-13;1;14
-14;2;16
-13;1;14
-12;0;12
-13;-1;14
-14;-2;16
-15;-3;18
-16;-2;18
-15;-1;16
-14;0;14
-15;1;16
-14;0;14
-15;1;16
-16;2;18
-17;1;18
-18;0;18
-17;1;18
-16;2;18
-17;3;20
-18;4;22
-17;5;22
-18;4;22
-19;5;24
-20;4;24
-19;3;22
-20;4;24
-19;3;22
-20;2;22
-21;3;24
-22;4;26
-23;5;28
-24;4;28
-23;3;26
-24;2;26
-23;3;26
-24;4;28
-23;5;28
-24;4;28
-25;5;30
-24;4;28
-25;3;28
-26;2;28
-25;3;28
-24;2;26
-25;1;26
-26;2;28
-27;1;28
-26;0;26
-25;-1;26
-24;0;24
-23;-1;24
-22;0;22
-21;-1;22
-20;-2;22
-21;-1;22
-20;-2;22
-19;-1;20
-18;0;18
-17;-1;18
-16;-2;18
-15;-3;18
-14;-2;16
-13;-1;14
-14;-2;16
-15;-1;16
-16;-2;18
-17;-1;18
-16;-2;18
-17;-1;18
-16;-2;18
-15;-3;18
-14;-2;16
-15;-1;16
-16;-2;18
-17;-3;20
-18;-2;20
-17;-3;20
-16;-4;20
-17;-5;22
-16;-4;20
-17;-5;22
-16;-6;22
-17;-5;22
-16;-6;22
-15;-7;22
-14;-6;20
-13;-5;18
-14;-6;20
-13;-5;18
-12;-4;16
-13;-5;18
-12;-6;18
-11;-5;16
-10;-6;16
-11;-5;16
-10;-6;16
-9;-5;14
-8;-6;14
-7;-5;12
-6;-4;10
-7;-3;10
-6;-4;10
-5;-5;10
-4;-6;10
-5;-7;12
-6;-6;12
-5;-7;12
-4;-8;12
-5;-7;12
-4;-6;10
-5;-5;10
-6;-6;12
-5;-7;12
-4;-6;10
-3;-7;10
-2;-8;10
-3;-9;12
-4;-8;12
-3;-9;12
-4;-8;12
-3;-7;10
-2;-8;10
-3;-7;10
-2;-6;8
-3;-5;8
-2;-4;6
-3;-3;6
-4;-4;8
-5;-5;10
-4;-6;10
-3;-5;8
-4;-4;8
-5;-3;8
-4;-2;6
-5;-3;8
-4;-2;6
-5;-1;6
-6;0;6
-7;-1;8
-6;0;6
-7;1;8
-6;2;8
-5;1;6
-4;2;6
-3;3;6
-4;2;6
-3;3;6
-4;4;8
-3;3;6
-2;4;6
-1;5;6
0;4;4
1;3;4
0;2;2
1;1;2
0;0;0
-1;-1;2
0;0;0
1;1;2
2;0;2
3;-1;4
4;0;4
5;-1;6
6;0;6
7;1;8
8;2;10
9;3;12
8;2;10
7;3;10
8;2;10
7;3;10
6;4;10
5;3;8
6;4;10
5;5;10
4;4;8
5;3;8
4;4;8
5;5;10
6;6;12
7;5;12
8;4;12
7;3;10
8;2;10
7;3;10
8;4;12
9;3;12
10;4;14
11;3;14
12;2;14
11;1;12
12;0;12
13;1;14
12;2;14
13;3;16
14;4;18
13;5;18
12;6;18
11;5;16
10;6;16
11;7;18
12;8;20
11;9;20
12;10;22
11;11;22
10;10;20
9;11;20
10;10;20
11;11;22
10;12;22
11;11;22
12;10;22
11;11;22
10;12;22
9;11;20
10;10;20
9;11;20
10;12;22
9;13;22
10;14;24
9;15;24
8;16;24
9;17;26
10;18;28
11;17;28
12;18;30
11;19;30
10;20;30
11;21;32
10;22;32
9;21;30
8;22;30
9;21;30
8;20;28
9;19;28
8;18;26
7;17;24
6;16;22
5;15;20
4;14;18
3;13;16
2;14;16
3;15;18
4;16;20
5;15;20
6;16;22
5;17;22
6;16;22
5;15;20
6;14;20
5;13;18
6;14;20
7;15;22
8;14;22
7;13;20
8;14;22
7;13;20
8;12;20
7;11;18
6;12;18
7;13;20
8;12;20
9;13;22
10;12;22
11;13;24
10;12;22
11;11;22
10;12;22
9;11;20
10;10;20
9;11;20
8;12;20
9;13;22
8;12;20
7;13;20
6;12;18
7;11;18
6;12;18
7;11;18
8;12;20
9;11;20
8;12;20
9;13;22
10;14;24
11;15;26
10;14;24
9;15;24
8;14;22
9;15;24
10;14;24
11;15;26
10;14;24
9;15;24
8;14;22
7;13;20
6;12;18
7;13;20
6;12;18
5;13;18
4;12;16
5;13;18
6;12;18
7;11;18
8;10;18
7;9;16
8;8;16
7;7;14
8;8;16
7;9;16
8;8;16
7;7;14
8;8;16
9;9;18
8;8;16
9;9;18
10;10;20
11;11;22
12;12;24
11;13;24
10;14;24
9;15;24
8;16;24
7;17;24
6;16;22
7;15;22
8;14;22
9;15;24
8;16;24
9;17;26
8;18;26
9;17;26
8;18;26
7;17;24
6;18;24
5;19;24
6;18;24
7;19;26
6;20;26
7;21;28
6;22;28
5;21;26
4;22;26
3;21;24
4;22;26
3;23;26
4;24;28
3;23;26
4;22;26
5;21;26
4;22;26
5;23;28
4;24;28
5;25;30
6;26;32
5;25;30
6;26;32
7;25;32
8;26;34
9;25;34
10;26;36
9;27;36
10;28;38
11;29;40
10;30;40
11;29;40
12;30;42
11;29;40
12;28;40
13;27;40
12;26;38
13;25;38
12;24;36
13;25;38
12;24;36
11;23;34
10;24;34
9;23;32
10;22;32
9;23;32
10;22;32
9;23;32
8;24;32
9;25;34
8;26;34
7;27;34
6;26;32
5;27;32
6;26;32
7;25;32
8;24;32
9;23;32
8;24;32
9;25;34
8;26;34
9;25;34
8;24;32
9;23;32
8;24;32
7;25;32
8;26;34
9;25;34
8;24;32
7;25;32
8;26;34
7;25;32
6;26;32
7;25;32
8;24;32
7;23;30
6;22;28
5;23;28
6;22;28
5;21;26
4;22;26
3;21;24
4;20;24
5;21;26
6;20;26
7;21;28
6;20;26
5;19;24
4;20;24
5;19;24
4;18;22
3;19;22
4;20;24
5;21;26
4;22;26
3;23;26
4;24;28
3;23;26
2;22;24
1;21;22
2;20;22
1;21;22
2;20;22
1;21;22
0;20;20
-1;21;22
0;22;22
1;23;24
2;24;26
3;23;26
4;22;26
3;21;24
2;22;24
3;23;26
2;22;24
1;23;24
2;24;26
3;25;28
2;24;26
3;25;28
4;26;30
5;27;32
6;28;34
7;27;34
6;28;34
7;27;34
6;28;34
7;29;36
8;30;38
9;31;40
8;30;38
9;29;38
8;30;38
9;29;38
8;30;38
7;29;36
8;30;38
7;29;36
8;28;36
9;27;36
8;28;36
7;29;36
8;28;36
9;27;36
10;28;38
9;27;36
8;26;34
7;27;34
6;26;32
5;27;32
4;26;30
3;27;30
2;28;30
1;27;28
0;26;26
-1;27;28
-2;28;30
-1;29;30
-2;30;32
-3;29;32
-2;30;32
-3;29;32
-4;30;34
-5;31;36
-6;30;36
-5;31;36
-4;30;34
-3;29;32
-4;28;32
-3;29;32
-2;28;30
-1;29;30
-2;30;32
-1;29;30
0;28;28
1;29;30
0;28;28
-1;29;30
-2;30;32
-1;31;32
-2;32;34
-3;31;34
-4;30;34
-3;31;34
-4;30;34
-3;29;32
-2;30;32
-3;31;34
-2;30;32
-3;31;34
-2;30;32
-1;29;30
-2;28;30
-3;29;32
-4;28;32
-5;27;32
-6;28;34
-5;29;34
-6;28;34
-5;29;34
-4;30;34
-3;31;34
-2;30;32
-1;31;32
-2;30;32
-1;29;30
-2;30;32
-3;31;34
-4;32;36
-3;31;34
-2;30;32
-1;29;30
-2;30;32
-1;29;30
-2;30;32
-3;29;32
-4;28;32
-3;27;30
-4;28;32
-3;29;32
-2;30;32
-3;29;32
-4;30;34
-5;31;36
-6;30;36
-7;29;36
-8;28;36
-7;29;36
-6;30;36
-7;29;36
-8;28;36
-9;29;38
-8;28;36
-9;27;36
-10;26;36
-11;25;36
-10;24;34
-9;23;32
-10;22;32
-11;23;34
-12;22;34
-13;23;36
-12;24;36
-11;25;36
-10;26;36
-9;25;34
-10;24;34
-11;23;34
-10;22;32
-11;21;32
-10;22;32
-11;23;34
-12;22;34
-13;21;34
-14;20;34
-15;21;36
-14;20;34
-13;21;34
-14;22;36
-15;21;36
-14;20;34
-15;19;34
-14;20;34
-15;21;36
-16;22;38
-17;23;40
-16;24;40
-15;25;40
-14;26;40
-15;25;40
-16;26;42
-17;25;42
-18;24;42
-19;25;44
-20;26;46
-19;27;46
-20;26;46
-21;25;46
-22;26;48
-23;25;48
-22;24;46
-23;23;46
-24;22;46
-25;21;46
-26;22;48
-25;23;48
-24;22;46
-25;23;48
-24;22;46
-23;23;46
-24;24;48
-23;23;46
-24;22;46
-23;21;44
-22;22;44
-21;23;44
-22;22;44
-23;23;46
-22;24;46
-21;25;46
-20;26;46
-19;25;44
-18;26;44
-19;27;46
-20;26;46
-19;27;46
-18;28;46
-19;27;46
-18;28;46
-17;29;46
-16;30;46
-15;29;44
-16;30;46
-17;31;48
-16;30;46
-15;29;44
-14;30;44
-13;31;44
-12;30;42
-11;29;40
-10;28;38
-9;29;38
-10;28;38
-9;27;36
-10;28;38
-11;27;38
-12;28;40
-11;29;40
-10;30;40
-9;31;40
-10;32;42
-11;31;42
-12;30;42
-13;29;42
-12;30;42
-13;29;42
-14;28;42
-15;29;44
-14;28;42
-13;29;42
-12;28;40
-13;27;40
-14;28;42
-15;27;42
-14;28;42
-13;27;40
-12;26;38
-13;25;38
-14;26;40
-15;25;40
-14;26;40
-13;25;38
-14;26;40
-13;25;38
-14;26;40
-15;25;40
-16;24;40
-15;23;38
-16;24;40
-15;23;38
-14;24;38
-13;25;38
-12;24;36
-11;23;34
-10;22;32
-9;23;32
-10;22;32
-9;23;32
-10;24;34
-11;25;36
-10;24;34
-9;23;32
-8;24;32
-7;23;30
-6;22;28
-5;23;28
-6;24;30
-7;23;30
-6;22;28
-5;23;28
-4;22;26
-3;21;24
-2;22;24
-3;21;24
-2;22;24
-3;23;26
-4;22;26
-3;21;24
-2;22;24
-1;23;24
-2;24;26
-3;23;26
-4;24;28
-3;23;26
-4;22;26
-5;21;26
-4;20;24
-3;21;24
-2;20;22
-3;21;24
-4;22;26
-5;21;26
-4;20;24
-3;21;24
-4;20;24
-3;19;22
-4;18;22
-3;19;22
-4;20;24
-5;21;26
-6;22;28
-7;21;28
-6;20;26
-7;21;28
-6;22;28
-5;23;28
-6;22;28
-7;21;28
-6;20;26
-7;21;28
-6;20;26
-7;21;28
-8;20;28
-7;21;28
-8;22;30
-9;21;30
-8;22;30
-7;23;30
-6;24;30
-5;25;30
-4;24;28
-3;23;26
-2;22;24
-1;21;22
-2;20;22
-3;19;22
-4;20;24
-5;21;26
-6;22;28
-5;23;28
-4;22;26
-5;23;28
-4;24;28
-5;25;30
-4;24;28
-3;25;28
-2;24;26
-1;23;24
0;24;24
1;23;24
2;22;24
1;21;22
0;22;22
-1;23;24
0;22;22
1;23;24
0;24;24
-1;23;24
0;24;24
-1;25;26
-2;24;26
-1;25;26
0;26;26
-1;25;26
-2;24;26
-1;23;24
0;22;22
1;21;22
2;20;22
1;21;22
2;20;22
1;19;20
0;20;20
1;19;20
2;18;20
1;17;18
0;18;18
-1;17;18
0;18;18
1;17;18
0;16;16
1;15;16
2;16;18
3;17;20
2;16;18
1;17;18
0;18;18
-1;19;20
0;20;20
1;21;22
0;20;20
-1;21;22
-2;20;22
-1;21;22
-2;22;24
-3;21;24
-4;22;26
-3;23;26
-2;22;24
-1;23;24
0;22;22
1;21;22
0;20;20
1;19;20
0;20;20
-1;19;20
-2;18;20
-3;17;20
-2;16;18
-3;15;18
-2;16;18
-1;15;16
0;14;14
-1;13;14
0;14;14
-1;15;16
-2;14;16
-1;13;14
0;14;14
1;15;16
2;16;18
1;15;16
0;16;16
1;15;16
2;14;16
3;15;18
4;14;18
3;15;18
4;14;18
3;15;18
2;16;18
3;17;20
2;18;20
1;19;20
2;20;22
3;21;24
4;20;24
5;19;24
4;20;24
5;19;24
6;20;26
5;21;26
4;20;24
5;19;24
6;20;26
5;19;24
6;20;26
5;21;26
6;20;26
7;19;26
6;20;26
5;19;24
4;18;22
5;19;24
6;20;26
7;21;28
8;20;28
9;21;30
10;22;32
9;23;32
10;22;32
9;21;30
8;20;28
7;19;26
8;18;26
9;17;26
8;18;26
9;19;28
8;20;28
9;19;28
10;20;30
9;21;30
10;20;30
11;21;32
12;22;34
11;23;34
10;24;34
9;25;34
8;26;34
7;25;32
6;26;32
7;27;34
8;28;36
9;27;36
10;26;36
9;27;36
8;28;36
7;27;34
8;26;34
9;27;36
8;26;34
9;27;36
8;28;36
9;27;36
10;28;38
11;29;40
12;28;40
13;29;42
12;28;40
11;29;40
12;30;42
13;29;42
12;28;40
11;27;38
10;26;36
9;27;36
10;26;36
9;25;34
8;24;32
9;25;34
8;24;32
9;23;32
10;24;34
9;23;32
8;22;30
7;21;28
6;22;28
5;23;28
4;24;28
3;25;28
2;26;28
1;25;26
2;26;28
3;25;28
2;24;26
1;23;24
2;22;24
3;23;26
4;24;28
3;23;26
2;22;24
1;23;24
0;24;24
-1;25;26
0;26;26
-1;25;26
-2;26;28
-1;25;26
0;26;26
1;25;26
0;26;26
1;25;26
0;24;24
-1;23;24
-2;22;24
-3;23;26
-2;24;26
-1;23;24
0;22;22
-1;23;24
0;24;24
-1;23;24
0;22;22
1;23;24
0;24;24
1;23;24
2;24;26
3;25;28
2;26;28
1;27;28
0;28;28
1;27;28
2;26;28
3;27;30
4;26;30
5;27;32
6;26;32
5;27;32
6;26;32
5;27;32
6;26;32
5;27;32
4;26;30
5;25;30
4;26;30
3;27;30
4;28;32
3;27;30
2;26;28
1;25;26
0;26;26
1;25;26
0;24;24
-1;25;26
-2;26;28
-1;25;26
-2;24;26
-3;23;26
-2;24;26
-1;25;26
0;24;24
1;25;26
0;26;26
-1;27;28
-2;26;28
-1;27;28
-2;28;30
-3;29;32
-4;28;32
-3;29;32
-4;30;34
-5;29;34
-6;28;34
-5;29;34
-6;30;36
-5;29;34
-6;30;36
-7;29;36
-6;28;34
-7;29;36
-6;28;34
-5;27;32
-6;28;34
-7;27;34
-8;28;36
-9;29;38
-8;28;36
-9;29;38
-8;28;36
-7;27;34
-8;28;36
-7;27;34
-6;26;32
-5;25;30
-4;24;28
-5;25;30
-6;24;30
-7;25;32
-8;24;32
-9;25;34
-10;24;34
-11;23;34
-10;24;34
-11;25;36
-10;24;34
-11;23;34
-12;22;34
-11;23;34
-10;24;34
-11;23;34
-10;24;34
-11;23;34
-12;22;34
-13;21;34
-12;20;32
-13;19;32
-12;20;32
-11;21;32
-12;22;34
-11;21;32
-12;20;32
-11;19;30
-10;18;28
-11;19;30
-12;20;32
-13;19;32
-12;18;30
-11;17;28
-10;18;28
-9;19;28
-10;20;30
-11;19;30
-10;18;28
-11;17;28
-12;16;28
-11;15;26
-10;14;24
-9;15;24
-8;14;22
-7;13;20
-8;14;22
-9;13;22
-10;12;22
-9;11;20
-10;10;20
-11;11;22
-12;12;24
-13;11;24
-14;12;26
-15;11;26
-16;10;26
-15;9;24
-14;10;24
-15;11;26
-16;12;28
-15;13;28
-14;12;26
-15;11;26
-14;10;24
-13;11;24
-12;10;22
-11;9;20
-12;10;22
-13;11;24
-12;12;24
-13;13;26
-14;12;26
-15;13;28
-16;12;28
-15;13;28
-16;14;30
-15;13;28
-16;12;28
-15;13;28
-16;14;30
-15;13;28
-16;14;30
-17;15;32
-16;16;32
-15;15;30
-14;16;30
-15;15;30
-16;16;32
-17;15;32
-18;16;34
-19;17;36
-18;18;36
-19;19;38
-20;18;38
-19;19;38
-20;20;40
-19;21;40
-18;20;38
-17;19;36
-18;18;36
-17;17;34
-18;16;34
-17;17;34
-18;18;36
-19;17;36
-18;16;34
-19;17;36
-20;16;36
-19;17;36
-18;18;36
-19;19;38
-18;18;36
-17;17;34
-16;16;32
-15;15;30
-14;16;30
-13;15;28
-14;16;30
-15;17;32
-14;16;30
-15;17;32
-14;16;30
-15;15;30
-14;14;28
-15;15;30
-14;16;30
-13;17;30
-14;16;30
-15;15;30
-14;14;28
-13;15;28
-14;16;30
-15;17;32
-16;18;34
-17;17;34
-18;18;36
-17;17;34
-18;16;34
-17;15;32
-16;16;32
-15;17;32
-14;18;32
-15;19;34
-16;20;36
-17;19;36
-16;20;36
-17;19;36
-16;20;36
-15;19;34
-16;18;34
-17;19;36
-18;18;36
-17;17;34
-16;18;34
-15;19;34
-14;20;34
-15;19;34
-16;20;36
-17;21;38
-16;22;38
-15;23;38
-14;22;36
-13;21;34
-12;22;34
-11;21;32
-12;20;32
-13;21;34
-12;20;32
-13;21;34
-12;22;34
-13;23;36
-12;24;36
-13;23;36
-12;24;36
-11;25;36
-12;26;38
-13;25;38
-14;24;38
-13;23;36
-14;22;36
-13;23;36
-12;24;36
-11;23;34
-12;24;36
-13;23;36
-12;24;36
-11;25;36
-10;24;34
-9;25;34
-8;26;34
-9;25;34
-8;26;34
-7;25;32
-8;24;32
-9;25;34
-8;24;32
-7;25;32
-8;26;34
-9;25;34
-8;24;32
-7;25;32
-8;26;34
-9;27;36
-8;26;34
-7;27;34
-8;26;34
-9;25;34
-10;24;34
-9;25;34
-8;24;32
-7;25;32
-8;26;34
-9;27;36
-10;28;38
-11;27;38
-12;28;40
-11;27;38
-10;26;36
-11;27;38
-10;26;36
-9;25;34
-10;24;34
-9;25;34
-10;26;36
-11;25;36
-10;24;34
-9;23;32
-8;22;30
-9;21;30
-10;20;30
-9;19;28
-10;20;30
-9;19;28
-10;18;28
-9;17;26
-8;18;26
-7;17;24
-6;18;24
-5;17;22
-6;16;22
-5;15;20
-4;16;20
-3;17;20
-4;16;20
-5;15;20
-4;16;20
-3;15;18
-2;16;18
-3;17;20
-4;16;20
-5;15;20
-6;16;22
-7;15;22
-6;14;20
-5;13;18
-4;12;16
-3;13;16
-4;14;18
-5;13;18
-4;14;18
-3;15;18
-2;16;18
-1;15;16
0;14;14
-1;13;14
0;14;14
1;13;14
2;12;14
1;11;12
2;10;12
3;11;14
4;10;14
3;11;14
2;12;14
1;11;12
2;10;12
3;9;12
2;10;12
3;9;12
2;8;10
3;7;10
2;8;10
3;9;12
4;8;12
3;9;12
2;8;10
1;7;8
2;8;10
1;9;10
2;10;12
1;11;12
0;10;10
-1;11;12
-2;10;12
-3;11;14
-2;10;12
-3;11;14
-2;12;14
-1;13;14
-2;12;14
-1;13;14
0;12;12
1;11;12
0;10;10
-1;9;10
0;10;10
1;9;10
2;8;10
3;7;10
2;6;8
3;5;8
2;4;6
1;3;4
0;2;2
-1;1;2
0;0;0
-1;-1;2
-2;-2;4
-1;-1;2
-2;-2;4
-1;-3;4
-2;-2;4
-1;-3;4
-2;-2;4
-3;-1;4
-2;-2;4
-1;-3;4
0;-4;4
1;-3;4
0;-4;4
-1;-5;6
0;-4;4
1;-5;6
2;-4;6
3;-5;8
2;-4;6
3;-5;8
4;-4;8
5;-5;10
4;-6;10
5;-7;12
6;-6;12
7;-7;14
6;-6;12
5;-5;10
4;-4;8
5;-5;10
6;-4;10
5;-3;8
4;-4;8
3;-3;6
2;-4;6
1;-5;6
2;-4;6
3;-5;8
2;-4;6
3;-3;6
4;-2;6
3;-1;4
4;0;4
5;-1;6
6;0;6
7;1;8
6;0;6
5;1;6
6;2;8
7;1;8
8;2;10
9;3;12
10;2;12
9;1;10
8;0;8
7;1;8
6;2;8
7;1;8
8;2;10
9;3;12
8;4;12
7;5;12
8;6;14
9;7;16
10;8;18
11;9;20
12;10;22
13;11;24
12;10;22
13;9;22
14;8;22
13;7;20
14;6;20
15;7;22
14;8;22
13;9;22
12;10;22
13;9;22
14;10;24
13;11;24
12;10;22
11;9;20
12;8;20
13;7;20
12;8;20
13;7;20
12;6;18
11;5;16
12;4;16
13;5;18
14;4;18
15;3;18
14;2;16
15;1;16
14;0;14
13;1;14
12;2;14
13;1;14
14;2;16
15;1;16
16;0;16
17;-1;18
18;-2;20
17;-3;20
16;-4;20
15;-5;20
16;-6;22
17;-7;24
18;-6;24
19;-5;24
18;-6;24
19;-5;24
20;-4;24
19;-3;22
20;-2;22
19;-1;20
18;-2;20
19;-3;22
18;-4;22
19;-3;22
20;-4;24
19;-3;22
18;-4;22
17;-5;22
16;-6;22
15;-5;20
16;-4;20
15;-3;18
16;-2;18
17;-3;20
18;-4;22
17;-5;22
16;-6;22
15;-5;20
16;-6;22
17;-5;22
16;-6;22
17;-5;22
18;-6;24
17;-7;24
18;-8;26
17;-9;26
16;-8;24
15;-9;24
14;-8;22
15;-9;24
14;-8;22
13;-7;20
12;-6;18
13;-5;18
12;-4;16
13;-3;16
12;-4;16
13;-5;18
14;-4;18
15;-5;20
14;-4;18
15;-3;18
16;-4;20
15;-5;20
14;-4;18
13;-5;18
14;-4;18
13;-5;18
14;-4;18
13;-5;18
14;-4;18
15;-3;18
14;-2;16
13;-3;16
14;-2;16
15;-3;18
16;-2;18
15;-1;16
16;-2;18
17;-3;20
16;-4;20
17;-5;22
16;-4;20
17;-5;22
18;-4;22
19;-3;22
20;-2;22
21;-3;24
20;-2;22
21;-3;24
22;-4;26
21;-3;24
20;-2;22
21;-3;24
20;-2;22
19;-1;20
18;-2;20
17;-1;18
16;0;16
15;-1;16
16;0;16
17;1;18
18;2;20
17;1;18
18;0;18
17;1;18
18;2;20
19;3;22
20;2;22
19;3;22
18;4;22
19;3;22
20;4;24
19;3;22
20;2;22
19;3;22
18;2;20
19;1;20
18;0;18
17;1;18
18;2;20
19;1;20
20;0;20
19;1;20
20;2;22
21;1;22
20;0;20
21;-1;22
20;0;20
21;-1;22
20;-2;22
19;-1;20
20;-2;22
19;-1;20
20;0;20
21;1;22
22;2;24
21;3;24
20;4;24
19;3;22
18;2;20
17;3;20
18;2;20
17;1;18
16;0;16
17;1;18
16;0;16
17;-1;18
18;0;18
17;1;18
18;0;18
17;-1;18
18;0;18
17;-1;18
16;0;16
15;1;16
16;2;18
17;3;20
16;2;18
17;1;18
18;2;20
17;1;18
18;2;20
17;3;20
18;4;22
17;5;22
18;6;24
17;7;24
18;6;24
17;5;22
16;6;22
15;5;20
16;4;20
17;5;22
18;6;24
17;5;22
18;6;24
19;7;26
20;6;26
19;7;26
20;8;28
19;9;28
20;10;30
21;11;32
20;10;30
21;9;30
22;8;30
23;9;32
22;10;32
23;9;32
24;8;32
25;7;32
26;6;32
25;7;32
26;8;34
25;9;34
26;10;36
27;11;38
28;12;40
27;13;40
28;12;40
27;13;40
28;12;40
29;11;40
30;10;40
29;11;40
30;10;40
29;11;40
30;10;40
29;9;38
28;10;38
27;11;38
28;12;40
29;13;42
30;12;42
31;13;44
32;12;44
33;11;44
32;10;42
33;9;42
34;8;42
33;9;42
32;8;40
31;7;38
32;8;40
33;7;40
34;8;42
33;9;42
34;10;44
35;11;46
34;10;44
33;11;44
34;10;44
33;9;42
34;8;42
35;9;44
34;10;44
33;11;44
32;12;44
31;11;42
32;12;44
33;13;46
34;14;48
35;15;50
36;16;52
37;15;52
36;14;50
35;15;50
34;16;50
33;15;48
34;16;50
35;15;50
36;14;50
35;13;48
34;14;48
35;13;48
36;14;50
35;15;50
36;14;50
37;15;52
36;14;50
37;13;50
38;12;50
37;11;48
38;12;50
37;13;50
38;12;50
37;13;50
38;14;52
37;13;50
38;12;50
39;11;50
40;10;50
39;11;50
40;12;52
39;11;50
38;10;48
39;9;48
40;8;48
39;9;48
40;10;50
41;11;52
40;10;50
39;9;48
38;10;48
39;11;50
40;12;52
39;13;52
38;14;52
39;13;52
40;12;52
41;11;52
42;10;52
41;9;50
42;10;52
41;11;52
42;12;54
41;11;52
40;12;52
41;11;52
42;12;54
41;13;54
42;14;56
43;13;56
44;12;56
45;11;56
46;12;58
47;11;58
46;10;56
47;11;58
46;10;56
47;9;56
46;8;54
47;7;54
46;8;54
47;9;56
48;8;56
49;9;58
48;8;56
47;7;54
48;6;54
49;7;56
50;6;56
49;5;54
50;4;54
49;5;54
48;6;54
47;7;54
46;8;54
45;7;52
46;6;52
45;5;50
46;4;50
45;3;48
46;2;48
45;3;48
46;2;48
45;3;48
46;4;50
47;3;50
48;2;50
47;1;48
46;2;48
45;1;46
46;0;46
47;-1;48
48;-2;50
49;-3;52
50;-4;54
51;-5;56
52;-6;58
51;-7;58
50;-6;56
49;-7;56
48;-8;56
49;-9;58
48;-10;58
49;-9;58
50;-10;60
49;-9;58
50;-10;60
49;-11;60
50;-12;62
51;-13;64
50;-12;62
51;-13;64
52;-14;66
53;-15;68
54;-14;68
55;-15;70
54;-16;70
55;-15;70
56;-14;70
55;-13;68
54;-12;66
53;-11;64
54;-10;64
53;-9;62
54;-10;64
53;-11;64
52;-12;64
53;-13;66
52;-14;66
53;-15;68
52;-16;68
53;-15;68
54;-14;68
53;-13;66
54;-12;66
53;-13;66
54;-12;66
53;-11;64
54;-10;64
53;-9;62
52;-8;60
51;-9;60
52;-8;60
53;-9;62
52;-10;62
53;-9;62
54;-8;62
55;-7;62
56;-8;64
57;-7;64
56;-8;64
55;-7;62
54;-8;62
55;-7;62
54;-8;62
55;-9;64
56;-8;64
57;-7;64
58;-6;64
57;-7;64
56;-8;64
55;-9;64
54;-10;64
53;-11;64
52;-10;62
51;-9;60
50;-8;58
51;-9;60
50;-10;60
49;-11;60
50;-12;62
51;-11;62
50;-10;60
51;-11;62
52;-12;64
53;-11;64
54;-12;66
53;-13;66
52;-14;66
53;-13;66
52;-14;66
53;-13;66
54;-14;68
53;-15;68
54;-14;68
55;-13;68
56;-12;68
55;-13;68
56;-14;70
55;-15;70
54;-16;70
53;-17;70
52;-16;68
51;-15;66
50;-16;66
51;-15;66
50;-14;64
49;-15;64
48;-14;62
49;-15;64
48;-16;64
49;-17;66
48;-18;66
49;-17;66
50;-18;68
49;-19;68
48;-18;66
47;-17;64
48;-16;64
49;-15;64
48;-14;62
49;-13;62
50;-14;64
49;-13;62
50;-12;62
49;-13;62
48;-14;62
49;-13;62
50;-12;62
51;-13;64
52;-14;66
53;-15;68
52;-16;68
51;-15;66
50;-16;66
51;-17;68
50;-16;66
49;-17;66
50;-18;68
49;-17;66
48;-18;66
47;-17;64
48;-18;66
49;-19;68
48;-20;68
49;-21;70
50;-20;70
51;-19;70
52;-20;72
53;-21;74
54;-20;74
55;-21;76
56;-20;76
55;-19;74
54;-18;72
55;-17;72
54;-18;72
55;-17;72
56;-16;72
55;-15;70
54;-16;70
53;-15;68
52;-14;66
53;-15;68
52;-14;66
51;-13;64
52;-14;66
51;-13;64
50;-12;62
49;-11;60
48;-12;60
49;-11;60
48;-10;58
49;-11;60
48;-12;60
47;-11;58
48;-12;60
49;-11;60
48;-10;58
47;-9;56
48;-8;56
49;-7;56
50;-6;56
49;-7;56
50;-6;56
51;-7;58
50;-6;56
51;-5;56
50;-4;54
51;-3;54
52;-4;56
53;-3;56
54;-4;58
55;-5;60
54;-4;58
55;-3;58
56;-2;58
57;-1;58
58;-2;60
59;-3;62
58;-2;60
59;-3;62
60;-2;62
59;-3;62
58;-4;62
57;-5;62
56;-4;60
55;-5;60
54;-4;58
53;-3;56
54;-4;58
55;-3;58
54;-4;58
53;-3;56
54;-4;58
53;-3;56
52;-4;56
51;-5;56
52;-4;56
51;-5;56
52;-4;56
53;-5;58
54;-6;60
55;-7;62
54;-8;62
55;-9;64
56;-8;64
57;-7;64
56;-8;64
57;-7;64
58;-8;66
59;-9;68
60;-10;70
61;-9;70
60;-10;70
59;-11;70
60;-12;72
61;-11;72
60;-12;72
61;-11;72
62;-10;72
63;-11;74
64;-10;74
63;-9;72
62;-10;72
63;-11;74
64;-10;74
65;-9;74
64;-8;72
63;-7;70
64;-6;70
65;-5;70
66;-4;70
67;-5;72
66;-4;70
65;-3;68
66;-4;70
65;-5;70
64;-4;68
63;-3;66
62;-4;66
61;-5;66
60;-6;66
59;-5;64
60;-4;64
61;-3;64
60;-2;62
61;-3;64
60;-2;62
61;-1;62
60;-2;62
61;-3;64
60;-4;64
61;-3;64
60;-4;64
59;-3;62
60;-2;62
59;-3;62
60;-4;64
59;-3;62
58;-2;60
59;-1;60
60;0;60
59;-1;60
60;-2;62
61;-3;64
60;-2;62
59;-1;60
60;-2;62
61;-3;64
60;-4;64
61;-5;66
62;-6;68
61;-5;66
62;-4;66
63;-3;66
64;-2;66
65;-3;68
66;-2;68
67;-1;68
66;0;66
67;1;68
66;0;66
67;-1;68
68;-2;70
69;-3;72
70;-2;72
69;-1;70
70;0;70
71;1;72
72;2;74
73;1;74
74;0;74
75;1;76
74;2;76
73;3;76
72;2;74
71;3;74
72;2;74
71;3;74
72;2;74
73;1;74
74;0;74
73;1;74
72;2;74
73;1;74
74;0;74
75;-1;76
76;0;76
75;-1;76
74;0;74
73;1;74
72;2;74
73;1;74
74;0;74
75;1;76
76;2;78
75;3;78
74;2;76
75;3;78
74;2;76
73;1;74
74;2;76
75;3;78
76;4;80
75;3;78
76;4;80
75;5;80
74;4;78
73;3;76
74;2;76
73;1;74
72;0;72
71;1;72
72;2;74
73;1;74
72;2;74
73;1;74
74;0;74
73;1;74
72;2;74
73;1;74
74;0;74
73;-1;74
72;-2;74
73;-3;76
74;-2;76
75;-1;76
74;0;74
75;-1;76
76;-2;78
77;-3;80
76;-2;78
77;-3;80
76;-4;80
75;-3;78
74;-4;78
75;-5;80
74;-6;80
73;-5;78
74;-6;80
73;-7;80
72;-6;78
71;-5;76
72;-6;78
71;-5;76
72;-6;78
71;-7;78
72;-8;80
73;-9;82
74;-8;82
75;-9;84
74;-8;82
75;-7;82
74;-8;82
75;-7;82
74;-6;80
73;-5;78
74;-4;78
73;-3;76
72;-2;74
73;-1;74
74;-2;76
73;-1;74
74;0;74
73;1;74
74;0;74
73;-1;74
72;-2;74
73;-3;76
72;-2;74
71;-1;72
72;0;72
73;1;74
74;0;74
75;-1;76
76;0;76
75;1;76
74;0;74
75;-1;76
74;-2;76
73;-3;76
72;-2;74
73;-1;74
74;0;74
73;-1;74
72;0;72
71;-1;72
72;-2;74
73;-1;74
72;0;72
73;-1;74
72;-2;74
71;-1;72
72;-2;74
73;-3;76
74;-4;78
75;-5;80
76;-6;82
77;-5;82
76;-6;82
75;-5;80
76;-4;80
77;-3;80
76;-2;78
75;-1;76
76;-2;78
75;-3;78
76;-2;78
77;-3;80
76;-2;78
77;-1;78
76;-2;78
75;-3;78
76;-4;80
75;-5;80
74;-4;78
75;-5;80
76;-4;80
75;-3;78
76;-2;78
77;-1;78
76;0;76
77;1;78
78;2;80
77;3;80
78;2;80
79;1;80
80;0;80
79;1;80
78;2;80
79;3;82
78;4;82
77;3;80
78;4;82
77;5;82
76;6;82
77;7;84
78;8;86
79;9;88
80;8;88
81;9;90
80;10;90
81;9;90
82;8;90
83;7;90
82;8;90
81;9;90
82;10;92
83;11;94
84;10;94
85;9;94
84;10;94
85;9;94
84;10;94
85;9;94
86;10;96
87;9;96
86;10;96
87;9;96
86;10;96
87;11;98
88;10;98
87;11;98
86;10;96
87;9;96
88;10;98
87;11;98
86;10;96
85;11;96
84;10;94
83;9;92
84;8;92
85;7;92
84;6;90
85;7;92
84;8;92
83;9;92
82;10;92
83;11;94
82;10;92
81;9;90
80;10;90
79;11;90
78;10;88
79;9;88
80;10;90
81;11;92
80;10;90
79;9;88
80;8;88
79;7;86
78;8;86
77;9;86
78;10;88
79;9;88
78;10;88
77;11;88
78;12;90
77;13;90
76;12;88
75;13;88
74;12;86
75;11;86
76;12;88
77;13;90
76;12;88
77;11;88
78;10;88
77;11;88
76;12;88
77;13;90
78;12;90
77;13;90
76;14;90
77;13;90
76;12;88
75;11;86
74;10;84
75;9;84
74;10;84
75;9;84
74;10;84
75;9;84
74;8;82
75;7;82
74;8;82
73;7;80
72;8;80
73;9;82
74;10;84
73;11;84
74;12;86
73;11;84
74;10;84
75;9;84
74;10;84
75;11;86
76;12;88
77;13;90
78;14;92
77;13;90
78;14;92
77;13;90
76;12;88
75;11;86
74;10;84
73;9;82
72;10;82
73;9;82
72;8;80
71;9;80
70;8;78
69;9;78
70;8;78
71;9;80
70;8;78
69;7;76
68;8;76
69;9;78
68;8;76
69;7;76
70;6;76
71;7;78
72;6;78
71;5;76
72;6;78
73;5;78
74;4;78
73;5;78
74;4;78
75;3;78
76;2;78
77;3;80
78;4;82
79;3;82
78;4;82
79;5;84
80;4;84
81;5;86
82;4;86
81;5;86
82;4;86
81;5;86
82;4;86
83;5;88
84;6;90
83;5;88
82;4;86
81;3;84
80;2;82
79;1;80
80;0;80
79;1;80
80;0;80
81;1;82
82;0;82
83;1;84
82;2;84
83;1;84
82;2;84
83;1;84
84;0;84
85;1;86
84;0;84
83;1;84
82;2;84
81;1;82
82;2;84
81;3;84
80;2;82
79;3;82
80;2;82
81;1;82
80;0;80
79;1;80
78;0;78
79;1;80
80;2;82
81;1;82
82;0;82
83;-1;84
84;-2;86
85;-1;86
86;-2;88
87;-3;90
88;-4;92
87;-3;90
86;-2;88
87;-1;88
86;-2;88
85;-1;86
86;-2;88
87;-1;88
86;0;86
87;-1;88
88;0;88
89;1;90
88;2;90
89;1;90
88;2;90
87;1;88
88;2;90
89;1;90
90;2;92
89;1;90
88;2;90
89;1;90
88;2;90
87;1;88
86;0;86
87;-1;88
86;-2;88
85;-3;88
84;-4;88
85;-5;90
84;-6;90
85;-7;92
86;-6;92
87;-5;92
88;-4;92
89;-5;94
90;-4;94
91;-3;94
92;-2;94
91;-3;94
90;-4;94
91;-5;96
92;-6;98
93;-5;98
94;-4;98
93;-3;96
94;-4;98
93;-3;96
94;-2;96
95;-1;96
96;0;96
97;1;98
98;2;100
99;1;100
100;0;100
101;1;102
100;0;100
99;-1;100
100;-2;102
99;-3;102
98;-2;100
97;-3;100
98;-2;100
97;-1;98
98;0;98
99;1;100
100;2;102
99;1;100
98;0;98
99;-1;100
98;0;98
97;1;98
96;2;98
95;3;98
94;2;96
93;1;94
92;2;94
93;1;94
94;2;96
93;1;94
94;2;96
93;3;96
94;4;98
93;3;96
94;2;96
93;1;94
94;2;96
93;1;94
92;2;94
91;3;94
90;4;94
89;3;92
90;4;94
91;3;94
92;4;96
93;5;98
94;4;98
95;5;100
96;6;102
97;7;104
96;6;102
95;5;100
94;6;100
93;7;100
94;8;102
93;9;102
92;10;102
91;9;100
92;8;100
93;9;102
92;10;102
93;9;102
94;8;102
95;9;104
94;10;104
95;11;106
94;10;104
95;11;106
94;10;104
93;9;102
92;10;102
91;11;102
92;12;104
93;11;104
94;12;106
93;11;104
92;12;104
91;11;102
90;10;100
89;11;100
88;10;98
89;11;100
90;12;102
91;11;102
90;10;100
91;9;100
90;10;100
89;11;100
90;10;100
89;11;100
90;12;102
91;11;102
92;10;102
93;9;102
94;8;102
93;7;100
94;8;102
93;9;102
94;8;102
93;9;102
92;8;100
91;9;100
90;10;100
91;11;102
92;10;102
93;11;104
94;12;106
93;13;106
92;12;104
93;11;104
94;10;104
95;11;106
94;10;104
95;11;106
94;10;104
95;11;106
96;10;106
97;11;108
96;10;106
97;9;106
98;10;108
97;11;108
96;12;108
95;13;108
94;12;106
95;11;106
96;12;108
95;13;108
96;12;108
97;11;108
98;12;110
97;11;108
96;10;106
95;11;106
96;10;106
97;9;106
96;8;104
95;9;104
96;10;106
95;9;104
94;8;102
93;9;102
92;10;102
93;9;102
94;10;104
95;11;106
96;10;106
95;9;104
94;10;104
93;9;102
92;8;100
93;7;100
92;8;100
91;7;98
92;8;100
93;9;102
92;8;100
93;7;100
94;8;102
95;9;104
96;8;104
97;9;106
98;10;108
97;9;106
98;10;108
97;11;108
98;10;108
97;9;106
96;10;106
97;11;108
96;12;108
97;13;110
98;14;112
97;15;112
98;16;114
99;17;116
98;18;116
99;17;116
100;16;116
99;15;114
98;16;114
97;15;112
96;16;112
97;15;112
98;16;114
97;15;112
96;14;110
97;13;110
96;12;108
95;11;106
94;10;104
93;11;104
92;10;102
93;11;104
94;10;104
93;9;102
92;10;102
91;11;102
92;10;102
91;11;102
92;12;104
93;11;104
92;12;104
93;13;106
92;12;104
91;11;102
92;12;104
91;11;102
90;10;100
89;9;98
90;10;100
89;9;98
90;10;100
91;11;102
90;10;100
89;9;98
90;8;98
91;7;98
90;8;98
91;9;100
90;8;98
89;7;96
90;6;96
89;5;94
90;6;96
89;5;94
88;6;94
89;5;94
90;6;96
91;5;96
92;4;96
91;5;96
92;4;96
91;3;94
92;2;94
91;1;92
90;0;90
89;-1;90
90;0;90
91;1;92
92;0;92
91;-1;92
90;0;90
89;-1;90
90;-2;92
89;-1;90
90;0;90
91;1;92
90;2;92
89;1;90
88;2;90
87;3;90
86;4;90
85;3;88
86;4;90
87;5;92
86;4;90
87;3;90
86;2;88
87;3;90
88;2;90
89;3;92
88;2;90
89;1;90
88;0;88
89;1;90
88;0;88
87;-1;88
86;0;86
87;-1;88
88;0;88
89;1;90
90;2;92
89;1;90
88;0;88
87;-1;88
86;0;86
85;1;86
84;0;84
83;1;84
84;2;86
85;1;86
84;0;84
85;-1;86
86;-2;88
87;-1;88
86;0;86
87;-1;88
88;-2;90
87;-3;90
86;-2;88
87;-1;88
88;-2;90
89;-3;92
90;-2;92
89;-1;90
90;0;90
91;-1;92
90;0;90
91;-1;92
90;-2;92
91;-3;94
90;-2;92
91;-1;92
92;-2;94
91;-3;94
92;-2;94
91;-1;92
90;-2;92
91;-1;92
90;-2;92
91;-3;94
90;-2;92
89;-3;92
88;-4;92
89;-3;92
90;-2;92
89;-1;90
88;0;88
89;-1;90
88;-2;90
89;-3;92
88;-4;92
89;-5;94
90;-4;94
89;-3;92
88;-4;92
87;-5;92
88;-4;92
89;-5;94
90;-4;94
89;-3;92
88;-4;92
89;-3;92
88;-2;90
87;-1;88
88;-2;90
89;-3;92
90;-2;92
91;-1;92
92;-2;94
93;-3;96
92;-2;94
93;-3;96
94;-2;96
95;-1;96
94;-2;96
93;-1;94
94;-2;96
95;-3;98
96;-4;100
97;-3;100
98;-2;100
97;-1;98
98;0;98
99;1;100
98;0;98
97;1;98
96;2;98
95;1;96
96;0;96
97;-1;98
96;-2;98
95;-3;98
96;-4;100
95;-3;98
96;-4;100
97;-3;100
96;-2;98
97;-3;100
98;-4;102
97;-5;102
98;-4;102
99;-5;104
100;-6;106
101;-7;108
100;-6;106
101;-5;106
100;-4;104
99;-3;102
98;-2;100
99;-1;100
98;-2;100
99;-1;100
98;-2;100
97;-3;100
98;-2;100
99;-1;100
98;0;98
97;-1;98
98;-2;100
99;-3;102
100;-4;104
99;-5;104
98;-4;102
97;-3;100
96;-2;98
97;-1;98
96;-2;98
95;-1;96
96;0;96
95;1;96
94;0;94
95;1;96
96;0;96
95;1;96
96;2;98
95;3;98
94;4;98
95;5;100
96;4;100
97;3;100
96;2;98
97;3;100
98;2;100
99;3;102
98;2;100
99;3;102
98;4;102
99;3;102
98;4;102
97;3;100
98;4;102
99;3;102
100;4;104
99;5;104
98;4;102
99;3;102
100;4;104
99;5;104
98;6;104
99;7;106
98;8;106
97;9;106
98;8;106
97;7;104
96;8;104
95;7;102
96;6;102
97;7;104
96;6;102
95;7;102
94;6;100
93;5;98
92;4;96
93;5;98
92;6;98
93;7;100
92;6;98
91;5;96
90;6;96
89;7;96
88;8;96
89;7;96
88;8;96
89;9;98
90;8;98
91;7;98
92;8;100
93;7;100
92;8;100
91;9;100
90;8;98
91;9;100
90;8;98
89;9;98
90;10;100
91;9;100
92;10;102
93;9;102
92;10;102
91;9;100
90;10;100
91;9;100
92;10;102
93;9;102
92;8;100
91;9;100
90;8;98
91;9;100
90;8;98
91;7;98
92;8;100
93;9;102
92;10;102
93;11;104
92;10;102
91;11;102
90;10;100
91;9;100
90;10;100
91;11;102
92;10;102
93;9;102
92;10;102
91;11;102
92;10;102
91;11;102
90;10;100
91;11;102
90;12;102
91;13;104
92;12;104
91;11;102
92;10;102
91;11;102
90;10;100
91;9;100
90;8;98
91;9;100
90;8;98
91;7;98
92;6;98
91;7;98
92;8;100
93;7;100
94;6;100
95;7;102
96;6;102
97;5;102
98;4;102
97;3;100
98;2;100
97;1;98
98;0;98
97;1;98
96;0;96
95;-1;96
96;-2;98
95;-1;96
94;0;94
95;-1;96
94;0;94
95;-1;96
94;0;94
95;-1;96
94;-2;96
95;-3;98
94;-4;98
93;-5;98
92;-4;96
91;-3;94
92;-4;96
91;-3;94
92;-4;96
91;-5;96
90;-6;96
91;-5;96
90;-4;94
89;-3;92
90;-2;92
89;-3;92
88;-4;92
87;-3;90
86;-2;88
87;-1;88
88;-2;90
89;-1;90
90;-2;92
89;-1;90
90;0;90
89;-1;90
88;0;88
87;1;88
88;0;88
89;-1;90
88;-2;90
89;-1;90
90;-2;92
89;-3;92
88;-4;92
87;-3;90
88;-4;92
89;-5;94
88;-6;94
87;-7;94
86;-8;94
85;-7;92
84;-6;90
85;-7;92
84;-6;90
85;-5;90
84;-6;90
83;-5;88
84;-4;88
83;-3;86
82;-4;86
83;-5;88
84;-4;88
85;-5;90
86;-4;90
85;-5;90
84;-4;88
85;-3;88
86;-2;88
85;-1;86
84;0;84
85;1;86
84;0;84
85;-1;86
84;0;84
83;1;84
82;0;82
83;-1;84
84;0;84
83;1;84
84;2;86
83;1;84
84;0;84
83;1;84
84;0;84
85;-1;86
84;-2;86
83;-1;84
84;0;84
83;1;84
84;0;84
85;-1;86
86;0;86
87;1;88
86;0;86
87;-1;88
86;0;86
85;-1;86
84;0;84
85;-1;86
84;0;84
85;1;86
84;2;86
85;3;88
86;4;90
87;5;92
86;6;92
85;5;90
84;4;88
85;5;90
84;6;90
83;7;90
84;8;92
85;9;94
84;10;94
83;11;94
84;12;96
83;13;96
84;12;96
85;13;98
84;14;98
85;15;100
86;14;100
87;13;100
88;14;102
87;13;100
88;12;100
89;11;100
88;12;100
87;13;100
88;14;102
87;15;102
88;16;104
89;17;106
88;18;106
89;17;106
90;18;108
89;17;106
88;16;104
89;17;106
88;18;106
87;19;106
86;18;104
85;19;104
84;20;104
83;19;102
84;20;104
85;19;104
86;20;106
85;19;104
84;20;104
85;19;104
86;20;106
87;21;108
86;20;106
87;19;106
86;18;104
85;19;104
84;20;104
85;21;106
86;20;106
87;21;108
86;22;108
85;21;106
86;20;106
85;19;104
84;18;102
83;17;100
82;16;98
81;15;96
82;14;96
83;13;96
82;12;94
81;13;94
80;14;94
81;13;94
80;14;94
79;13;92
80;12;92
81;11;92
82;10;92
83;9;92
82;8;90
83;9;92
82;10;92
81;9;90
80;8;88
79;9;88
80;10;90
81;9;90
82;8;90
83;9;92
82;10;92
81;11;92
80;10;90
79;9;88
78;8;86
79;9;88
78;10;88
79;11;90
80;12;92
79;13;92
78;14;92
79;15;94
78;14;92
77;13;90
78;14;92
77;13;90
78;14;92
77;13;90
78;14;92
79;13;92
80;14;94
79;13;92
80;12;92
79;11;90
78;12;90
77;11;88
76;10;86
75;11;86
76;12;88
75;13;88
76;12;88
77;13;90
76;12;88
75;11;86
76;10;86
77;11;88
76;10;86
75;11;86
74;12;86
73;13;86
74;14;88
73;13;86
72;14;86
71;15;86
70;14;84
71;13;84
72;14;86
73;13;86
74;12;86
73;13;86
72;12;84
73;13;86
72;12;84
73;13;86
72;12;84
73;11;84
72;12;84
71;11;82
72;12;84
71;11;82
70;10;80
69;9;78
70;8;78
69;9;78
70;10;80
71;9;80
70;10;80
71;11;82
70;12;82
71;13;84
72;12;84
71;11;82
70;12;82
71;11;82
70;10;80
69;11;80
68;12;80
69;11;80
68;10;78
67;9;76
66;8;74
65;9;74
64;8;72
63;9;72
62;8;70
63;7;70
64;6;70
63;5;68
64;4;68
63;3;66
62;4;66
61;5;66
62;4;66
61;3;64
62;4;66
63;3;66
62;2;64
63;3;66
64;2;66
65;3;68
66;4;70
65;3;68
64;4;68
65;3;68
66;2;68
67;1;68
66;2;68
65;1;66
64;2;66
65;3;68
66;2;68
65;1;66
66;0;66
65;-1;66
66;-2;68
65;-3;68
64;-2;66
65;-1;66
64;0;64
65;-1;66
66;0;66
67;-1;68
68;-2;70
67;-1;68
66;-2;68
67;-3;70
68;-4;72
69;-5;74
68;-6;74
69;-7;76
70;-8;78
71;-9;80
70;-8;78
69;-7;76
68;-8;76
67;-9;76
68;-10;78
69;-9;78
70;-10;80
71;-11;82
70;-10;80
71;-11;82
72;-10;82
73;-11;84
72;-10;82
73;-11;84
72;-12;84
73;-13;86
72;-12;84
71;-11;82
70;-12;82
69;-13;82
70;-12;82
71;-13;84
70;-12;82
71;-11;82
70;-12;82
71;-13;84
70;-12;82
71;-13;84
70;-12;82
71;-11;82
70;-12;82
69;-13;82
68;-14;82
67;-13;80
68;-14;82
69;-13;82
68;-12;80
67;-11;78
68;-10;78
67;-11;78
66;-12;78
67;-11;78
66;-10;76
65;-9;74
64;-8;72
63;-7;70
62;-6;68
61;-5;66
60;-6;66
61;-7;68
62;-6;68
63;-7;70
64;-8;72
63;-9;72
62;-8;70
63;-7;70
62;-8;70
61;-9;70
60;-8;68
59;-7;66
60;-6;66
59;-7;66
58;-6;64
57;-5;62
56;-4;60
57;-5;62
58;-4;62
59;-5;64
58;-4;62
59;-5;64
60;-4;64
59;-3;62
58;-2;60
57;-3;60
56;-2;58
55;-3;58
54;-2;56
53;-1;54
52;0;52
53;1;54
54;2;56
55;1;56
56;2;58
57;3;60
58;4;62
57;3;60
58;4;62
57;5;62
56;6;62
55;7;62
56;8;64
55;7;62
54;8;62
53;9;62
52;10;62
53;9;62
54;10;64
55;9;64
54;10;64
53;9;62
54;10;64
55;9;64
56;8;64
55;7;62
54;8;62
53;9;62
54;8;62
53;7;60
52;6;58
51;7;58
50;8;58
51;7;58
52;8;60
53;7;60
52;6;58
51;5;56
50;4;54
51;5;56
50;4;54
49;5;54
48;4;52
49;5;54
50;6;56
49;5;54
48;4;52
49;5;54
48;6;54
47;5;52
48;6;54
47;5;52
46;6;52
45;5;50
44;4;48
43;5;48
42;6;48
41;7;48
40;6;46
41;5;46
40;6;46
39;7;46
38;6;44
39;7;46
38;8;46
37;7;44
38;8;46
37;7;44
38;8;46
39;9;48
38;8;46
39;9;48
40;8;48
39;7;46
38;6;44
37;7;44
36;8;44
35;9;44
34;8;42
35;9;44
34;10;44
33;9;42
34;10;44
33;9;42
34;8;42
33;9;42
32;8;40
33;7;40
32;6;38
33;7;40
32;6;38
33;7;40
32;6;38
31;7;38
30;6;36
31;7;38
30;8;38
31;9;40
32;8;40
31;7;38
32;8;40
31;7;38
30;6;36
31;7;38
30;6;36
31;7;38
32;6;38
33;7;40
34;6;40
35;5;40
34;4;38
35;5;40
34;6;40
35;5;40
34;4;38
35;3;38
34;2;36
33;1;34
32;0;32
31;1;32
32;2;34
33;1;34
32;2;34
31;1;32
32;0;32
31;-1;32
32;-2;34
31;-3;34
30;-2;32
29;-1;30
28;-2;30
27;-3;30
26;-2;28
27;-1;28
28;-2;30
29;-1;30
28;0;28
27;1;28
28;2;30
29;3;32
30;2;32
29;3;32
30;2;32
31;1;32
30;0;30
29;1;30
30;2;32
29;1;30
28;0;28
27;-1;28
26;-2;28
25;-1;26
24;-2;26
23;-1;24
22;-2;24
23;-3;26
24;-2;26
25;-1;26
24;0;24
23;1;24
22;2;24
23;1;24
24;2;26
23;1;24
22;2;24
23;3;26
24;4;28
23;3;26
22;4;26
21;5;26
20;6;26
21;5;26
22;6;28
21;5;26
22;6;28
21;5;26
22;4;26
23;5;28
22;4;26
23;3;26
24;4;28
23;5;28
24;6;30
23;5;28
24;4;28
25;3;28
24;4;28
25;3;28
26;2;28
27;3;30
26;2;28
25;1;26
26;0;26
27;1;28
26;2;28
25;1;26
26;2;28
25;1;26
24;2;26
25;1;26
24;2;26
23;3;26
24;2;26
23;3;26
22;2;24
23;3;26
24;2;26
25;1;26
24;2;26
23;3;26
24;4;28
23;5;28
24;6;30
23;5;28
24;6;30
23;7;30
24;8;32
25;7;32
24;8;32
23;9;32
22;10;32
21;11;32
20;10;30
19;11;30
18;12;30
19;11;30
20;10;30
19;11;30
18;10;28
19;11;30
18;10;28
19;9;28
18;10;28
19;11;30
20;12;32
19;13;32
20;14;34
21;13;34
20;12;32
21;13;34
20;14;34
19;13;32
20;14;34
19;13;32
18;12;30
17;13;30
18;12;30
19;11;30
20;12;32
21;13;34
22;12;34
23;13;36
22;14;36
23;15;38
22;16;38
23;17;40
24;16;40
23;17;40
22;16;38
23;15;38
24;14;38
23;13;36
22;12;34
23;11;34
24;12;36
23;13;36
22;14;36
21;15;36
22;14;36
23;15;38
22;16;38
23;15;38
22;16;38
23;15;38
22;16;38
23;15;38
22;14;36
23;15;38
22;14;36
21;13;34
20;12;32
19;11;30
18;12;30
17;11;28
16;12;28
15;13;28
16;14;30
17;15;32
18;16;34
17;15;32
18;14;32
19;13;32
20;12;32
21;11;32
22;10;32
23;9;32
24;10;34
25;9;34
26;10;36
25;11;36
26;12;38
27;13;40
28;14;42
29;15;44
30;14;44
29;15;44
30;16;46
31;15;46
30;16;46
31;15;46
30;14;44
31;15;46
30;14;44
29;13;42
28;14;42
27;13;40
26;14;40
25;13;38
26;14;40
27;13;40
26;12;38
25;13;38
24;12;36
23;13;36
22;12;34
21;11;32
22;12;34
21;11;32
20;12;32
19;13;32
18;14;32
17;15;32
18;16;34
17;15;32
18;14;32
19;15;34
18;14;32
19;15;34
18;14;32
17;15;32
18;16;34
17;15;32
18;16;34
19;15;34
18;14;32
17;15;32
18;16;34
19;17;36
18;16;34
17;15;32
16;14;30
15;15;30
14;14;28
15;15;30
16;14;30
17;13;30
18;14;32
19;15;34
20;16;36
21;15;36
22;14;36
21;15;36
22;14;36
23;13;36
22;14;36
23;15;38
22;16;38
23;17;40
22;18;40
23;19;42
24;18;42
23;19;42
22;18;40
23;17;40
22;18;40
21;17;38
22;18;40
21;19;40
22;20;42
21;19;40
22;18;40
21;17;38
20;16;36
21;15;36
20;16;36
19;15;34
18;16;34
17;17;34
16;18;34
17;19;36
18;18;36
19;19;38
18;18;36
19;17;36
18;16;34
19;15;34
18;14;32
17;15;32
18;14;32
17;15;32
16;16;32
15;15;30
16;14;30
15;13;28
14;12;26
15;11;26
16;12;28
17;13;30
16;14;30
15;13;28
16;14;30
17;13;30
16;12;28
15;13;28
16;12;28
17;13;30
16;12;28
15;13;28
16;14;30
15;13;28
16;12;28
15;13;28
14;12;26
15;11;26
14;12;26
15;11;26
16;12;28
17;11;28
18;12;30
17;13;30
16;12;28
17;13;30
16;12;28
17;11;28
18;12;30
17;13;30
16;14;30
17;13;30
16;12;28
17;13;30
16;14;30
17;13;30
18;14;32
19;15;34
20;16;36
19;15;34
18;14;32
19;15;34
18;16;34
19;15;34
20;14;34
19;15;34
18;14;32
17;15;32
18;14;32
19;13;32
18;14;32
19;13;32
18;12;30
19;11;30
18;10;28
17;11;28
18;10;28
17;9;26
16;8;24
17;9;26
18;8;26
19;7;26
18;6;24
17;5;22
18;4;22
17;3;20
18;2;20
19;1;20
20;2;22
21;1;22
20;0;20
21;1;22
22;0;22
21;1;22
22;2;24
23;3;26
22;4;26
21;5;26
20;6;26
21;5;26
20;4;24
21;3;24
22;4;26
23;3;26
22;2;24
23;3;26
24;4;28
25;3;28
24;4;28
23;3;26
24;2;26
23;1;24
22;2;24
23;3;26
24;4;28
23;5;28
22;4;26
21;3;24
20;4;24
21;5;26
20;4;24
19;3;22
18;2;20
19;1;20
18;0;18
19;-1;20
20;0;20
19;-1;20
20;-2;22
19;-3;22
18;-2;20
17;-1;18
16;0;16
15;-1;16
16;0;16
15;-1;16
14;0;14
13;1;14
14;0;14
13;-1;14
12;0;12
11;-1;12
12;0;12
11;1;12
10;2;12
9;3;12
8;4;12
9;5;14
8;4;12
7;3;10
6;2;8
5;3;8
4;4;8
3;3;6
2;4;6
1;5;6
2;6;8
3;7;10
4;6;10
3;5;8
2;6;8
1;7;8
0;6;6
-1;7;8
0;8;8
-1;9;10
-2;10;12
-1;9;10
0;8;8
1;9;10
2;8;10
3;9;12
2;10;12
1;9;10
0;10;10
1;9;10
2;8;10
1;7;8
2;8;10
1;7;8
0;6;6
-1;7;8
-2;6;8
-3;7;10
-4;8;12
-3;7;10
-4;8;12
-5;7;12
-6;8;14
-5;9;14
-4;8;12
-5;7;12
-4;6;10
-3;5;8
-4;6;10
-3;7;10
-4;6;10
-5;7;12
-4;8;12
-3;7;10
-2;8;10
-1;9;10
-2;10;12
-3;11;14
-2;10;12
-1;9;10
0;10;10
1;9;10
0;10;10
1;11;12
2;12;14
1;11;12
0;12;12
1;11;12
2;12;14
1;11;12
0;10;10
-1;11;12
-2;12;14
-1;13;14
-2;14;16
-3;15;18
-2;14;16
-3;13;16
-4;12;16
-3;13;16
-4;12;16
-5;13;18
-6;12;18
-7;11;18
-6;12;18
-5;11;16
-4;10;14
-5;9;14
-6;8;14
-7;7;14
-8;8;16
-9;9;18
-10;10;20
-11;9;20
-12;8;20
-13;9;22
-12;10;22
-11;9;20
-10;8;18
-11;9;20
-10;8;18
-11;9;20
-12;10;22
-13;11;24
-14;10;24
-15;11;26
-16;12;28
-15;11;26
-14;12;26
-13;11;24
-14;10;24
-15;11;26
-16;10;26
-17;9;26
-18;10;28
-19;9;28
-18;10;28
-19;9;28
-18;10;28
-19;9;28
-20;8;28
-19;7;26
-20;8;28
-19;9;28
-18;10;28
-19;11;30
-20;10;30
-19;11;30
-18;10;28
-17;9;26
-16;8;24
-15;9;24
-14;8;22
-15;9;24
-14;10;24
-13;9;22
-14;10;24
-13;9;22
-12;10;22
-13;9;22
-12;10;22
-13;9;22
-14;8;22
-13;9;22
-12;10;22
-13;11;24
-14;12;26
-13;11;24
-14;10;24
-13;9;22
-12;10;22
-13;9;22
-12;8;20
-11;9;20
-10;8;18
-11;9;20
-10;10;20
-9;9;18
-10;10;20
-11;11;22
-10;10;20
-9;9;18
-10;8;18
-11;9;20
-10;8;18
-9;9;18
-10;8;18
-9;7;16
-8;8;16
-9;9;18
-8;8;16
-9;9;18
-10;8;18
-11;7;18
-12;6;18
-13;5;18
-12;4;16
-11;3;14
-10;2;12
-11;1;12
-10;0;10
-11;-1;12
-10;-2;12
-9;-3;12
-8;-2;10
-9;-1;10
-10;0;10
-9;1;10
-10;0;10
-11;1;12
-10;2;12
-11;3;14
-10;4;14
-11;5;16
-12;4;16
-13;5;18
-12;4;16
-13;3;16
-12;4;16
-11;5;16
-10;4;14
-9;3;12
-8;4;12
-9;3;12
-8;2;10
-7;3;10
-8;2;10
-9;1;10
-10;2;12
-9;1;10
-10;0;10
-11;1;12
-10;2;12
-11;1;12
-10;0;10
-11;1;12
-10;2;12
-11;3;14
-10;2;12
-9;3;12
-8;4;12
-9;3;12
-10;4;14
-11;3;14
-10;2;12
-9;3;12
-8;2;10
-7;1;8
-8;0;8
-7;1;8
-6;0;6
-5;1;6
-6;2;8
-7;3;10
-8;2;10
-7;1;8
-8;0;8
-7;1;8
-8;0;8
-9;1;10
-8;0;8
-7;-1;8
-6;0;6
-5;1;6
-6;2;8
-5;1;6
-6;2;8
-7;1;8
-6;2;8
-7;1;8
-8;0;8
-7;1;8
-8;0;8
-9;1;10
-8;2;10
-7;1;8
-6;2;8
-5;3;8
-4;4;8
-3;3;6
-2;4;6
-1;3;4
-2;4;6
-1;3;4
0;2;2
-1;3;4
-2;2;4
-1;3;4
0;2;2
1;1;2
2;0;2
3;1;4
2;2;4
3;3;6
4;2;6
3;3;6
2;4;6
1;5;6
2;6;8
3;7;10
2;6;8
3;7;10
4;6;10
5;5;10
6;4;10
7;5;12
8;6;14
9;5;14
10;4;14
9;5;14
10;4;14
11;3;14
10;2;12
11;1;12
10;2;12
9;1;10
8;2;10
7;1;8
6;2;8
7;1;8
6;2;8
7;1;8
8;2;10
9;3;12
8;4;12
9;3;12
8;4;12
7;5;12
8;4;12
7;3;10
6;4;10
7;5;12
8;6;14
7;5;12
8;6;14
7;5;12
8;4;12
9;3;12
8;4;12
7;3;10
8;4;12
9;3;12
10;2;12
9;3;12
10;4;14
11;3;14
10;4;14
9;3;12
10;2;12
9;3;12
8;4;12
7;3;10
6;2;8
7;3;10
8;4;12
7;5;12
8;6;14
9;7;16
8;6;14
7;7;14
8;6;14
7;5;12
6;4;10
7;5;12
8;4;12
9;3;12
8;4;12
9;5;14
8;4;12
7;3;10
6;4;10
7;3;10
8;4;12
7;5;12
6;6;12
7;5;12
6;4;10
7;3;10
8;2;10
7;3;10
8;2;10
7;3;10
6;4;10
7;3;10
6;2;8
7;3;10
8;4;12
7;5;12
8;6;14
9;7;16
8;8;16
7;9;16
8;10;18
7;11;18
6;12;18
5;11;16
6;12;18
5;11;16
6;12;18
7;11;18
6;10;16
5;9;14
4;10;14
5;11;16
4;12;16
5;13;18
4;12;16
5;11;16
4;12;16
3;13;16
4;14;18
5;15;20
4;14;18
5;13;18
4;14;18
3;13;16
2;14;16
3;13;16
2;14;16
1;15;16
0;14;14
1;15;16
2;16;18
1;17;18
2;18;20
3;17;20
2;18;20
1;19;20
2;18;20
1;17;18
2;18;20
3;17;20
2;16;18
3;17;20
2;16;18
3;17;20
4;18;22
5;17;22
6;16;22
5;15;20
6;14;20
7;13;20
8;12;20
7;13;20
6;14;20
5;13;18
4;14;18
5;15;20
4;14;18
5;15;20
6;16;22
5;15;20
6;14;20
7;15;22
6;14;20
5;13;18
6;12;18
7;13;20
6;12;18
7;13;20
6;14;20
5;15;20
6;14;20
7;13;20
8;14;22
7;13;20
8;14;22
9;15;24
10;16;26
9;15;24
8;16;24
9;15;24
10;16;26
11;15;26
10;16;26
9;17;26
10;18;28
9;19;28
8;18;26
7;19;26
8;18;26
7;19;26
6;18;24
5;17;22
4;18;22
5;19;24
6;20;26
5;21;26
6;20;26
5;19;24
6;20;26
7;21;28
8;20;28
7;21;28
8;22;30
9;23;32
8;22;30
7;21;28
8;22;30
9;21;30
10;20;30
9;21;30
8;22;30
7;23;30
8;24;32
7;25;32
6;24;30
7;23;30
8;22;30
7;21;28
8;20;28
7;19;26
8;20;28
9;21;30
10;20;30
9;21;30
10;22;32
9;21;30
8;22;30
7;21;28
8;20;28
7;19;26
8;18;26
7;17;24
6;18;24
7;17;24
8;16;24
9;17;26
10;16;26
9;17;26
10;18;28
9;19;28
8;20;28
7;21;28
8;20;28
7;21;28
8;22;30
9;23;32
8;22;30
7;23;30
6;22;28
5;21;26
4;22;26
5;21;26
4;20;24
3;19;22
2;20;22
1;21;22
2;22;24
3;23;26
2;22;24
1;21;22
0;20;20
1;19;20
2;18;20
1;17;18
0;16;16
-1;17;18
-2;16;18
-3;17;20
-2;18;20
-3;17;20
-4;18;22
-3;17;20
-2;18;20
-1;19;20
0;18;18
-1;17;18
0;16;16
1;17;18
0;18;18
-1;19;20
-2;20;22
-1;21;22
-2;20;22
-1;19;20
-2;18;20
-3;19;22
-4;18;22
-3;17;20
-4;18;22
-5;17;22
-6;16;22
-7;15;22
-6;14;20
-7;13;20
-8;14;22
-9;15;24
-10;14;24
-9;15;24
-8;16;24
-7;17;24
-8;16;24
-7;17;24
-6;18;24
-5;17;22
-4;16;20
-5;15;20
-4;16;20
-3;15;18
-4;14;18
-3;13;16
-2;14;16
-3;13;16
-4;14;18
-5;15;20
-4;14;18
-3;15;18
-2;16;18
-1;17;18
-2;18;20
-1;17;18
0;16;16
-1;17;18
-2;16;18
-3;17;20
-4;18;22
-5;17;22
-4;16;20
-3;15;18
-4;14;18
-5;13;18
-6;12;18
-7;11;18
-6;12;18
-5;11;16
-4;12;16
-3;13;16
-4;12;16
-5;13;18
-6;14;20
-5;15;20
-4;16;20
-5;17;22
-6;16;22
-5;17;22
-4;16;20
-5;15;20
-6;14;20
-7;13;20
-8;12;20
-7;11;18
-8;12;20
-7;13;20
-6;12;18
-5;11;16
-6;12;18
-7;13;20
-6;14;20
-5;13;18
-6;14;20
-7;13;20
-6;12;18
-7;11;18
-6;12;18
-5;11;16
-6;12;18
-5;13;18
-4;14;18
-3;15;18
-4;16;20
-5;15;20
-4;16;20
-5;15;20
-4;14;18
-3;13;16
-2;14;16
-3;15;18
-4;16;20
-5;15;20
-4;14;18
-3;13;16
-4;14;18
-5;13;18
-6;12;18
-5;13;18
-6;12;18
-7;11;18
-6;12;18
-5;13;18
-4;12;16
-3;13;16
-4;12;16
-3;13;16
-4;12;16
-5;11;16
-4;10;14
-3;9;12
-4;8;12
-3;9;12
-2;10;12
-3;9;12
-2;10;12
-1;11;12
-2;10;12
-1;9;10
0;10;10
-1;9;10
-2;8;10
-3;9;12
-2;10;12
-3;11;14
-4;10;14
-5;11;16
-4;10;14
-5;11;16
-4;12;16
-5;13;18
-4;14;18
-3;13;16
-4;14;18
-3;13;16
-4;12;16
-3;13;16
-2;12;14
-3;13;16
-4;14;18
-3;15;18
-2;14;16
-1;15;16
-2;14;16
-3;13;16
-4;14;18
-5;15;20
-4;14;18
-5;13;18
-6;14;20
-5;15;20
-6;16;22
-7;17;24
-8;18;26
-7;19;26
-6;18;24
-5;19;24
-4;18;22
-5;17;22
-4;18;22
-3;19;22
-2;18;20
-1;17;18
0;16;16
1;17;18
0;16;16
1;15;16
0;14;14
-1;13;14
-2;12;14
-3;13;16
-2;14;16
-1;13;14
-2;12;14
-1;11;12
-2;10;12
-3;11;14
-2;10;12
-3;9;12
-4;8;12
-5;9;14
-4;8;12
-5;9;14
-6;10;16
-7;11;18
-6;12;18
-5;13;18
-4;12;16
-5;11;16
-4;12;16
-5;13;18
-6;14;20
-5;13;18
-4;12;16
-3;11;14
-2;10;12
-3;9;12
-4;8;12
-5;9;14
-6;10;16
-5;9;14
-4;8;12
-3;7;10
-2;6;8
-1;7;8
-2;6;8
-1;7;8
0;8;8
1;9;10
0;10;10
-1;11;12
0;12;12
-1;11;12
-2;12;14
-3;11;14
-2;10;12
-1;11;12
0;12;12
-1;13;14
0;14;14
-1;13;14
-2;12;14
-1;11;12
0;12;12
-1;11;12
0;12;12
-1;13;14
-2;14;16
-3;15;18
-2;16;18
-3;17;20
-2;18;20
-3;19;22
-2;20;22
-3;21;24
-2;22;24
-1;23;24
-2;24;26
-3;23;26
-2;22;24
-3;23;26
-4;24;28
-5;25;30
-6;26;32
-7;25;32
-8;26;34
-7;25;32
-6;24;30
-7;23;30
-8;24;32
-9;25;34
-8;24;32
-7;25;32
-8;24;32
-9;23;32
-8;24;32
-7;25;32
-8;24;32
-7;25;32
-8;24;32
-9;25;34
-8;24;32
-9;25;34
-8;24;32
-9;25;34
-10;24;34
-9;25;34
-8;26;34
-7;27;34
-8;26;34
-9;27;36
-8;26;34
-7;25;32
-6;26;32
-7;27;34
-6;28;34
-5;29;34
-4;30;34
-3;31;34
-4;32;36
-3;33;36
-4;34;38
-3;33;36
-2;34;36
-3;35;38
-2;34;36
-1;35;36
0;36;36
-1;35;36
0;36;36
-1;37;38
0;36;36
1;37;38
0;36;36
-1;37;38
-2;36;38
-3;37;40
-2;36;38
-3;37;40
-2;36;38
-1;37;38
0;38;38
1;39;40
2;38;40
1;37;38
0;38;38
-1;37;38
0;38;38
1;37;38
0;36;36
1;37;38
2;36;38
3;37;40
4;36;40
3;37;40
4;36;40
5;37;42
6;38;44
5;39;44
4;40;44
3;41;44
2;40;42
3;39;42
2;40;42
3;41;44
2;42;44
3;41;44
2;42;44
3;43;46
2;42;44
3;43;46
4;42;46
5;43;48
4;42;46
3;41;44
4;42;46
3;41;44
2;40;42
3;41;44
2;42;44
3;43;46
2;44;46
3;45;48
4;46;50
5;47;52
4;46;50
5;45;50
6;46;52
7;45;52
8;44;52
9;45;54
8;46;54
7;45;52
6;44;50
5;43;48
4;44;48
3;45;48
4;44;48
3;43;46
2;42;44
1;43;44
2;42;44
3;43;46
2;44;46
3;43;46
2;44;46
1;45;46
2;46;48
1;47;48
0;46;46
-1;45;46
-2;46;48
-3;45;48
-2;46;48
-1;45;46
0;44;44
1;45;46
2;46;48
1;47;48
2;46;48
1;45;46
0;44;44
-1;45;46
-2;44;46
-1;43;44
0;42;42
1;41;42
0;40;40
1;39;40
2;38;40
1;39;40
2;38;40
3;37;40
2;36;38
1;35;36
2;36;38
3;37;40
2;36;38
3;35;38
4;36;40
5;37;42
4;38;42
3;39;42
2;40;42
3;39;42
2;38;40
1;37;38
2;38;40
3;37;40
2;36;38
3;37;40
4;38;42
5;37;42
4;38;42
5;39;44
6;40;46
7;39;46
8;40;48
7;41;48
8;40;48
7;39;46
8;38;46
9;39;48
8;38;46
7;39;46
8;38;46
9;39;48
8;40;48
9;39;48
10;40;50
9;41;50
8;40;48
7;39;46
6;38;44
5;37;42
6;36;42
7;35;42
8;34;42
7;33;40
8;32;40
7;33;40
8;34;42
7;35;42
8;34;42
7;33;40
6;34;40
5;35;40
4;34;38
5;33;38
6;32;38
7;33;40
8;32;40
7;33;40
8;32;40
7;33;40
8;32;40
9;33;42
8;32;40
9;31;40
10;30;40
11;31;42
10;32;42
11;31;42
10;32;42
11;31;42
12;32;44
11;33;44
10;32;42
9;31;40
10;32;42
9;33;42
8;34;42
9;35;44
8;34;42
9;35;44
10;36;46
11;37;48
12;38;50
11;37;48
10;36;46
11;35;46
10;36;46
9;35;44
8;36;44
9;35;44
8;36;44
7;37;44
8;36;44
7;35;42
8;34;42
7;33;40
6;32;38
5;33;38
6;34;40
5;33;38
4;34;38
5;35;40
6;34;40
5;33;38
6;34;40
7;33;40
8;32;40
7;33;40
8;34;42
7;33;40
6;32;38
7;31;38
8;30;38
7;31;38
6;32;38
5;33;38
6;32;38
7;33;40
6;34;40
5;33;38
6;32;38
7;33;40
8;32;40
9;31;40
10;30;40
11;29;40
12;30;42
13;29;42
12;28;40
11;29;40
12;28;40
13;29;42
14;30;44
13;29;42
14;30;44
15;31;46
16;32;48
17;33;50
18;34;52
17;35;52
18;34;52
17;35;52
16;36;52
15;37;52
14;36;50
15;35;50
16;36;52
17;37;54
16;36;52
17;35;52
16;36;52
17;35;52
16;36;52
17;35;52
16;34;50
15;33;48
14;34;48
13;35;48
14;34;48
13;35;48
14;34;48
13;35;48
14;34;48
15;33;48
16;34;50
17;35;52
16;36;52
15;37;52
14;36;50
13;37;50
12;38;50
11;39;50
12;40;52
13;39;52
12;38;50
11;37;48
10;38;48
9;37;46
10;38;48
11;39;50
12;40;52
13;39;52
12;40;52
11;41;52
10;42;52
11;43;54
12;42;54
13;41;54
12;40;52
13;39;52
14;38;52
15;37;52
14;38;52
15;37;52
16;38;54
17;39;56
16;40;56
17;41;58
18;40;58
19;41;60
20;42;62
21;43;64
20;42;62
19;43;62
20;42;62
19;43;62
20;44;64
21;45;66
22;46;68
21;47;68
20;46;66
21;47;68
22;48;70
23;49;72
24;50;74
25;51;76
26;50;76
27;49;76
28;50;78
27;51;78
26;50;76
27;51;78
26;52;78
27;51;78
26;50;76
25;51;76
24;50;74
25;49;74
26;50;76
25;51;76
26;52;78
27;53;80
26;54;80
25;53;78
26;54;80
25;55;80
24;54;78
25;55;80
26;56;82
25;55;80
24;56;80
23;57;80
24;56;80
23;57;80
22;56;78
23;55;78
22;56;78
21;57;78
22;58;80
21;57;78
22;58;80
21;59;80
20;58;78
21;57;78
20;58;78
21;59;80
22;58;80
21;59;80
22;60;82
23;59;82
22;60;82
23;61;84
24;60;84
25;59;84
24;58;82
25;59;84
24;58;82
25;57;82
26;58;84
27;57;84
28;56;84
27;55;82
28;56;84
27;55;82
26;56;82
27;57;84
28;56;84
27;55;82
28;54;82
29;55;84
28;56;84
29;57;86
28;58;86
27;57;84
28;58;86
29;57;86
28;56;84
29;55;84
30;54;84
31;53;84
30;52;82
29;53;82
30;54;84
29;55;84
30;54;84
31;53;84
30;54;84
29;55;84
30;54;84
29;53;82
28;52;80
29;53;82
30;54;84
29;55;84
28;56;84
27;55;82
26;54;80
25;53;78
24;54;78
23;53;76
22;54;76
23;55;78
24;56;80
25;55;80
24;54;78
25;55;80
26;56;82
27;57;84
28;56;84
27;55;82
26;56;82
27;57;84
26;56;82
25;55;80
24;54;78
25;55;80
24;54;78
25;53;78
24;54;78
25;55;80
24;56;80
25;55;80
26;56;82
27;57;84
26;56;82
27;55;82
26;56;82
25;55;80
26;54;80
27;53;80
28;54;82
29;53;82
28;54;82
29;55;84
28;54;82
29;55;84
28;56;84
29;57;86
30;58;88
31;59;90
30;60;90
29;61;90
28;62;90
27;61;88
26;60;86
27;59;86
28;60;88
29;59;88
28;58;86
29;59;88
30;60;90
31;59;90
30;60;90
29;59;88
30;60;90
29;59;88
30;60;90
31;59;90
30;58;88
31;59;90
30;58;88
31;57;88
30;58;88
31;59;90
30;60;90
31;59;90
30;58;88
29;59;88
28;60;88
27;61;88
28;60;88
27;59;86
26;58;84
27;59;86
26;58;84
25;59;84
26;58;84
25;57;82
24;56;80
25;55;80
26;56;82
27;55;82
26;54;80
25;53;78
26;54;80
25;55;80
24;56;80
23;55;78
24;56;80
23;55;78
22;56;78
21;55;76
20;56;76
21;55;76
20;56;76
21;55;76
20;56;76
21;57;78
22;56;78
21;57;78
22;58;80
23;57;80
22;58;80
23;57;80
24;58;82
25;57;82
26;56;82
27;57;84
26;58;84
25;59;84
24;58;82
25;59;84
24;60;84
25;59;84
26;60;86
25;61;86
26;62;88
25;61;86
26;62;88
27;63;90
28;64;92
27;65;92
26;64;90
27;65;92
26;64;90
25;65;90
26;64;90
27;65;92
26;64;90
25;63;88
24;62;86
23;61;84
22;60;82
21;59;80
20;58;78
19;57;76
20;58;78
19;57;76
18;58;76
19;59;78
18;58;76
17;59;76
18;58;76
19;57;76
20;56;76
19;55;74
20;56;76
19;55;74
18;56;74
19;57;76
18;56;74
17;55;72
16;54;70
15;55;70
14;54;68
13;55;68
14;56;70
15;57;72
14;58;72
13;59;72
14;60;74
13;61;74
12;62;74
13;63;76
14;64;78
13;65;78
14;66;80
13;65;78
12;66;78
13;67;80
12;66;78
11;65;76
10;64;74
9;65;74
10;64;74
11;65;76
10;66;76
11;67;78
12;68;80
11;67;78
10;68;78
9;67;76
10;68;78
11;69;80
10;70;80
11;71;82
10;70;80
11;71;82
10;70;80
9;69;78
10;68;78
9;69;78
8;68;76
9;69;78
10;68;78
9;67;76
8;68;76
9;69;78
10;70;80
11;69;80
10;70;80
11;71;82
12;72;84
11;71;82
10;72;82
11;73;84
10;72;82
11;71;82
12;72;84
11;73;84
12;74;86
11;73;84
12;72;84
11;73;84
12;72;84
13;71;84
14;72;86
13;73;86
14;74;88
13;73;86
14;72;86
13;73;86
14;72;86
13;73;86
14;74;88
13;75;88
14;76;90
13;77;90
14;76;90
15;77;92
16;78;94
15;79;94
16;80;96
17;81;98
16;80;96
17;79;96
18;78;96
17;79;96
16;80;96
15;79;94
16;80;96
15;81;96
16;82;98
17;83;100
16;82;98
17;83;100
16;82;98
17;83;100
18;82;100
19;81;100
20;82;102
21;81;102
22;82;104
21;81;102
22;82;104
23;81;104
24;80;104
23;79;102
22;80;102
21;79;100
20;80;100
19;81;100
18;80;98
19;79;98
20;78;98
21;77;98
20;76;96
21;75;96
20;74;94
21;73;94
22;74;96
23;75;98
22;76;98
21;75;96
22;74;96
23;73;96
22;72;94
21;73;94
22;74;96
23;73;96
22;74;96
23;75;98
22;76;98
23;77;100
22;78;100
23;77;100
22;78;100
23;79;102
24;78;102
23;79;102
24;78;102
23;77;100
24;76;100
25;75;100
24;76;100
25;77;102
26;78;104
27;79;106
28;80;108
29;79;108
28;80;108
27;81;108
26;80;106
27;79;106
28;80;108
29;79;108
28;78;106
29;79;108
30;80;110
29;79;108
30;78;108
29;77;106
28;78;106
27;77;104
28;76;104
29;75;104
30;74;104
29;73;102
30;74;104
31;73;104
32;74;106
33;73;106
34;74;108
33;75;108
32;76;108
33;75;108
32;74;106
33;75;108
32;74;106
31;75;106
30;76;106
29;75;104
28;74;102
29;75;104
28;76;104
27;75;102
26;74;100
27;73;100
26;74;100
25;75;100
26;74;100
27;75;102
26;76;102
27;77;104
28;78;106
29;77;106
30;78;108
31;77;108
30;78;108
29;79;108
30;80;110
29;79;108
28;78;106
29;77;106
28;78;106
27;79;106
26;78;104
27;79;106
28;80;108
27;81;108
28;80;108
27;81;108
26;80;106
27;81;108
26;80;106
27;79;106
28;78;106
27;77;104
26;76;102
27;77;104
26;78;104
27;77;104
26;78;104
25;77;102
24;78;102
23;77;100
24;78;102
25;77;102
24;78;102
25;79;104
24;80;104
25;79;104
26;78;104
25;77;102
26;76;102
25;77;102
24;78;102
23;77;100
24;78;102
25;77;102
24;78;102
23;77;100
24;76;100
25;77;102
24;78;102
25;79;104
24;80;104
25;79;104
24;78;102
25;79;104
26;78;104
27;79;106
26;78;104
25;79;104
24;78;102
23;79;102
22;80;102
21;81;102
20;82;102
21;83;104
22;84;106
21;83;104
20;82;102
21;83;104
22;84;106
23;85;108
24;86;110
25;85;110
24;84;108
23;83;106
22;82;104
21;83;104
20;82;102
21;81;102
20;82;102
19;81;100
18;82;100
17;83;100
16;82;98
17;81;98
18;80;98
19;81;100
18;82;100
17;81;98
18;80;98
19;79;98
20;78;98
19;77;96
20;78;98
21;77;98
22;78;100
21;77;98
22;78;100
21;79;100
20;80;100
19;79;98
18;78;96
17;79;96
18;78;96
17;79;96
18;78;96
17;79;96
16;80;96
15;79;94
16;80;96
15;79;94
16;80;96
17;81;98
18;82;100
19;81;100
20;82;102
19;81;100
18;82;100
17;81;98
16;80;96
15;79;94
16;80;96
15;79;94
14;78;92
13;77;90
12;78;90
13;77;90
14;76;90
13;77;90
12;78;90
11;77;88
12;78;90
13;77;90
12;76;88
11;77;88
12;78;90
13;77;90
12;76;88
13;77;90
14;76;90
13;75;88
12;76;88
13;75;88
12;76;88
11;77;88
12;76;88
11;77;88
10;76;86
9;77;86
10;78;88
9;77;86
8;76;84
9;77;86
10;78;88
11;77;88
12;76;88
13;75;88
12;74;86
11;75;86
10;76;86
11;75;86
10;74;84
9;73;82
10;74;84
9;73;82
8;74;82
9;75;84
8;76;84
9;77;86
10;78;88
9;79;88
8;78;86
9;77;86
10;76;86
9;75;84
8;76;84
9;75;84
8;74;82
9;75;84
10;74;84
9;73;82
10;72;82
9;71;80
8;70;78
7;69;76
6;70;76
7;71;78
8;72;80
7;73;80
6;72;78
7;73;80
6;74;80
5;75;80
6;74;80
7;75;82
6;74;80
5;73;78
6;74;80
7;73;80
6;74;80
5;75;80
6;74;80
7;75;82
6;76;82
5;77;82
4;76;80
5;77;82
4;78;82
5;77;82
4;76;80
3;77;80
4;78;82
3;77;80
4;78;82
5;77;82
6;76;82
5;77;82
6;78;84
5;77;82
6;78;84
5;77;82
4;78;82
3;79;82
4;78;82
5;77;82
6;76;82
7;75;82
8;74;82
9;75;84
8;76;84
9;75;84
10;74;84
11;75;86
10;74;84
11;73;84
10;72;82
11;73;84
10;72;82
11;71;82
10;72;82
9;71;80
10;70;80
11;71;82
12;72;84
13;73;86
12;74;86
11;73;84
12;72;84
11;71;82
12;70;82
11;69;80
10;68;78
9;69;78
8;70;78
9;71;80
10;70;80
9;71;80
10;72;82
11;73;84
12;72;84
13;71;84
12;72;84
13;71;84
12;72;84
11;73;84
10;74;84
9;75;84
8;74;82
7;75;82
6;74;80
7;73;80
8;74;82
9;75;84
10;76;86
11;77;88
10;76;86
11;75;86
10;76;86
11;77;88
12;76;88
13;77;90
12;78;90
13;77;90
12;76;88
11;77;88
12;78;90
11;79;90
12;78;90
13;79;92
14;78;92
15;77;92
16;78;94
17;77;94
16;76;92
15;75;90
16;76;92
15;77;92
16;78;94
15;77;92
14;78;92
13;79;92
14;80;94
15;81;96
16;80;96
17;81;98
18;80;98
17;81;98
16;82;98
15;83;98
14;84;98
15;83;98
16;82;98
15;83;98
14;84;98
13;83;96
12;84;96
11;83;94
10;82;92
11;81;92
12;82;94
11;83;94
10;84;94
11;83;94
12;82;94
11;81;92
12;80;92
11;81;92
10;82;92
9;83;92
8;84;92
7;85;92
6;86;92
5;87;92
6;86;92
5;87;92
6;88;94
5;87;92
6;86;92
7;85;92
6;86;92
7;85;92
6;84;90
5;85;90
6;86;92
5;85;90
4;86;90
3;87;90
2;88;90
3;87;90
4;86;90
3;87;90
2;88;90
1;87;88
2;88;90
3;87;90
4;86;90
5;85;90
6;84;90
7;85;92
8;84;92
7;83;90
6;84;90
5;85;90
4;84;88
3;83;86
4;82;86
3;81;84
2;82;84
3;81;84
4;80;84
5;81;86
6;82;88
7;83;90
8;84;92
7;85;92
6;86;92
5;87;92
4;88;92
3;89;92
2;90;92
1;89;90
0;90;90
1;89;90
2;90;92
3;89;92
2;88;90
1;87;88
0;86;86
1;85;86
0;84;84
-1;85;86
-2;86;88
-3;87;90
-2;88;90
-1;87;88
0;86;86
1;87;88
0;88;88
-1;89;90
-2;88;90
-3;89;92
-2;90;92
-1;91;92
0;92;92
-1;91;92
-2;90;92
-1;91;92
-2;90;92
-3;91;94
-4;90;94
-5;89;94
-6;90;96
-7;91;98
-6;92;98
-5;91;96
-4;90;94
-3;91;94
-2;92;94
-1;93;94
0;94;94
-1;93;94
-2;92;94
-3;93;96
-2;94;96
-1;93;94
0;94;94
-1;93;94
0;94;94
-1;95;96
-2;96;98
-1;95;96
-2;96;98
-3;95;98
-2;96;98
-3;97;100
-2;96;98
-3;95;98
-2;96;98
-3;95;98
-4;96;100
-3;95;98
-2;94;96
-1;95;96
0;94;94
1;93;94
0;94;94
1;93;94
2;92;94
3;93;96
2;94;96
3;93;96
2;92;94
3;91;94
4;92;96
5;91;96
6;90;96
7;91;98
8;92;100
9;93;102
8;94;102
7;93;100
6;92;98
7;91;98
6;92;98
7;93;100
8;94;102
9;93;102
10;94;104
9;95;104
10;94;104
9;95;104
10;94;104
11;93;104
10;94;104
9;95;104
8;94;102
7;95;102
8;94;102
7;93;100
8;92;100
9;93;102
10;94;104
11;95;106
12;94;106
13;93;106
14;92;106
13;91;104
14;92;106
15;91;106
16;90;106
15;89;104
16;88;104
15;87;102
16;86;102
17;87;104
18;88;106
17;89;106
18;88;106
19;87;106
20;88;108
21;89;110
20;88;108
19;87;106
18;86;104
19;87;106
18;88;106
17;87;104
16;86;102
17;85;102
18;84;102
19;85;104
18;84;102
17;85;102
18;84;102
17;85;102
18;84;102
19;83;102
20;84;104
19;85;104
18;84;102
19;85;104
18;84;102
19;85;104
20;86;106
21;87;108
20;88;108
19;87;106
18;88;106
17;87;104
16;88;104
15;87;102
14;86;100
13;85;98
12;86;98
11;85;96
10;84;94
9;83;92
8;82;90
7;81;88
8;80;88
9;79;88
8;78;86
9;79;88
8;78;86
7;79;86
6;80;86
7;81;88
8;80;88
9;79;88
8;78;86
9;79;88
8;80;88
7;81;88
6;80;86
5;79;84
6;78;84
5;79;84
6;78;84
7;77;84
6;78;84
7;79;86
8;80;88
7;81;88
6;80;86
7;81;88
8;82;90
9;81;90
10;82;92
9;83;92
8;82;90
7;81;88
8;82;90
7;81;88
8;82;90
9;81;90
10;82;92
9;83;92
10;84;94
9;83;92
8;82;90
7;83;90
6;84;90
5;85;90
6;84;90
7;83;90
8;82;90
9;83;92
10;84;94
9;85;94
10;86;96
9;87;96
10;88;98
11;87;98
10;86;96
11;87;98
12;88;100
13;89;102
14;90;104
15;91;106
14;92;106
13;91;104
12;90;102
11;89;100
10;88;98
9;87;96
8;88;96
7;87;94
6;88;94
7;89;96
6;88;94
7;89;96
6;88;94
7;87;94
6;88;94
5;89;94
6;90;96
5;89;94
4;90;94
3;89;92
2;90;92
3;91;94
2;92;94
3;93;96
4;94;98
5;93;98
4;94;98
3;95;98
2;94;96
1;95;96
0;96;96
1;95;96
2;94;96
1;95;96
2;96;98
1;95;96
2;94;96
3;93;96
2;94;96
1;93;94
2;92;94
1;93;94
2;94;96
3;93;96
4;94;98
5;93;98
6;94;100
5;93;98
6;94;100
5;95;100
6;96;102
5;97;102
4;96;100
5;95;100
4;94;98
5;95;100
4;94;98
5;93;98
6;94;100
7;95;102
8;96;104
7;95;102
6;96;102
7;95;102
8;94;102
7;95;102
6;96;102
5;97;102
6;96;102
5;95;100
6;96;102
5;95;100
4;94;98
5;93;98
6;92;98
5;93;98
4;92;96
3;93;96
2;92;94
1;93;94
2;94;96
3;93;96
2;92;94
3;91;94
4;90;94
5;89;94
4;90;94
5;89;94
4;88;92
5;87;92
6;88;94
7;87;94
6;86;92
7;87;94
6;86;92
7;85;92
8;84;92
7;83;90
8;82;90
9;81;90
10;82;92
11;83;94
12;84;96
11;85;96
10;84;94
9;83;92
8;82;90
7;83;90
6;82;88
5;83;88
6;82;88
5;83;88
6;84;90
5;83;88
4;82;86
5;83;88
6;84;90
7;85;92
8;84;92
9;85;94
10;86;96
9;87;96
8;88;96
9;89;98
8;88;96
9;89;98
8;90;98
9;89;98
10;90;100
11;91;102
10;92;102
11;91;102
12;92;104
13;91;104
12;92;104
11;91;102
12;92;104
11;93;104
10;94;104
11;95;106
10;94;104
11;95;106
10;94;104
11;93;104
10;94;104
9;95;104
8;94;102
9;93;102
8;94;102
9;95;104
10;94;104
11;93;104
12;92;104
11;91;102
10;90;100
9;89;98
10;90;100
9;89;98
8;88;96
7;89;96
8;90;98
9;89;98
10;90;100
11;89;100
12;88;100
13;87;100
14;88;102
15;89;104
14;88;102
13;87;100
14;86;100
15;85;100
14;84;98
15;85;100
14;84;98
15;83;98
16;84;100
17;85;102
16;86;102
15;85;100
14;84;98
15;85;100
14;86;100
15;85;100
14;86;100
15;87;102
14;88;102
13;89;102
12;88;100
13;89;102
12;90;102
11;89;100
12;88;100
11;87;98
12;88;100
11;87;98
12;86;98
11;85;96
12;86;98
13;85;98
14;86;100
13;85;98
14;86;100
13;87;100
14;86;100
15;85;100
14;86;100
15;85;100
14;84;98
13;83;96
12;84;96
11;83;94
10;84;94
9;83;92
10;82;92
9;83;92
10;84;94
9;85;94
8;86;94
9;85;94
8;84;92
9;85;94
8;86;94
9;87;96
8;86;94
9;87;96
8;86;94
9;87;96
8;86;94
9;87;96
10;86;96
11;87;98
10;88;98
9;89;98
10;88;98
9;89;98
10;88;98
11;87;98
10;88;98
11;89;100
10;90;100
9;91;100
8;90;98
7;91;98
8;90;98
9;91;100
10;90;100
9;89;98
8;90;98
9;89;98
8;88;96
7;89;96
6;90;96
5;91;96
6;90;96
5;91;96
4;92;96
5;93;98
4;92;96
3;91;94
4;90;94
3;91;94
4;92;96
5;91;96
6;92;98
5;93;98
4;94;98
5;95;100
6;94;100
5;93;98
4;94;98
3;95;98
4;94;98
3;93;96
2;94;96
3;93;96
2;92;94
3;93;96
4;94;98
3;95;98
4;96;100
5;95;100
4;96;100
5;95;100
6;94;100
7;93;100
6;92;98
5;91;96
4;92;96
5;93;98
6;94;100
5;95;100
4;94;98
5;93;98
4;92;96
5;91;96
6;92;98
5;91;96
4;90;94
5;89;94
6;88;94
7;87;94
8;86;94
9;85;94
10;86;96
9;87;96
10;86;96
11;85;96
12;86;98
11;87;98
12;86;98
11;87;98
10;88;98
9;89;98
8;88;96
7;87;94
8;86;94
9;85;94
8;86;94
9;85;94
10;86;96
9;87;96
8;88;96
9;87;96
10;86;96
9;87;96
10;86;96
11;85;96
10;84;94
11;83;94
10;82;92
11;81;92
10;80;90
11;81;92
10;80;90
9;81;90
8;82;90
9;83;92
10;84;94
9;83;92
8;82;90
7;81;88
8;82;90
7;81;88
6;80;86
7;81;88
8;80;88
9;79;88
10;80;90
9;79;88
8;80;88
7;81;88
6;82;88
7;81;88
8;82;90
9;83;92
8;84;92
7;83;90
8;84;92
9;83;92
8;82;90
9;83;92
10;84;94
9;85;94
10;84;94
9;85;94
8;84;92
9;85;94
8;84;92
9;83;92
8;84;92
7;85;92
8;84;92
7;85;92
6;84;90
7;83;90
8;84;92
7;85;92
8;86;94
9;87;96
8;88;96
9;87;96
8;86;94
7;87;94
8;86;94
7;85;92
8;84;92
7;85;92
8;86;94
7;85;92
6;84;90
7;85;92
6;84;90
7;83;90
8;82;90
7;81;88
6;82;88
7;83;90
6;84;90
7;83;90
6;82;88
7;81;88
8;80;88
9;81;90
8;80;88
9;81;90
10;82;92
11;81;92
12;80;92
13;81;94
14;80;94
13;79;92
12;80;92
11;81;92
12;80;92
11;79;90
12;78;90
11;77;88
12;76;88
11;75;86
12;74;86
13;75;88
14;76;90
13;77;90
12;76;88
13;75;88
14;74;88
15;75;90
14;74;88
15;73;88
16;74;90
15;73;88
14;74;88
15;75;90
14;74;88
13;73;86
12;72;84
11;71;82
12;72;84
11;71;82
10;70;80
9;69;78
10;68;78
9;69;78
8;70;78
7;69;76
8;70;78
9;69;78
10;70;80
9;69;78
10;68;78
11;67;78
12;66;78
13;67;80
12;66;78
13;67;80
14;66;80
15;67;82
16;66;82
17;65;82
16;66;82
15;65;80
16;64;80
15;63;78
16;64;80
17;65;82
16;64;80
15;65;80
16;64;80
17;65;82
18;66;84
19;67;86
18;68;86
19;69;88
20;68;88
19;67;86
18;68;86
17;67;84
18;68;86
19;69;88
20;68;88
21;69;90
22;68;90
23;69;92
24;70;94
25;71;96
24;70;94
25;71;96
24;72;96
25;71;96
24;72;96
23;73;96
24;74;98
25;75;100
26;76;102
27;77;104
26;78;104
27;77;104
26;78;104
27;77;104
26;78;104
25;79;104
24;78;102
25;77;102
26;76;102
27;75;102
26;74;100
27;73;100
26;74;100
27;73;100
28;74;102
29;75;104
28;76;104
27;77;104
26;76;102
27;77;104
28;76;104
29;75;104
28;76;104
29;75;104
28;74;102
29;75;104
30;76;106
31;77;108
32;78;110
31;77;108
32;76;108
31;75;106
32;76;108
33;75;108
34;76;110
33;77;110
32;76;108
31;77;108
30;78;108
29;77;106
28;78;106
27;77;104
28;76;104
27;75;102
26;74;100
27;75;102
28;74;102
27;75;102
26;74;100
25;73;98
24;74;98
23;73;96
22;72;94
21;71;92
20;70;90
21;71;92
20;70;90
19;69;88
18;68;86
19;69;88
20;70;90
21;71;92
20;72;92
19;71;90
18;72;90
19;71;90
18;72;90
19;73;92
18;72;90
17;73;90
18;72;90
19;71;90
18;70;88
17;71;88
18;70;88
19;71;90
20;70;90
19;69;88
18;70;88
19;71;90
20;70;90
19;69;88
18;68;86
19;69;88
18;68;86
19;67;86
18;68;86
17;69;86
16;70;86
17;71;88
16;72;88
17;71;88
16;70;86
15;71;86
14;70;84
13;71;84
14;72;86
13;71;84
14;70;84
13;69;82
12;68;80
13;69;82
12;68;80
13;67;80
12;68;80
11;67;78
12;66;78
13;67;80
12;66;78
13;67;80
12;66;78
13;65;78
14;66;80
13;67;80
12;68;80
11;69;80
12;68;80
13;67;80
12;68;80
13;69;82
14;68;82
13;67;80
12;68;80
11;69;80
10;68;78
11;69;80
10;68;78
11;67;78
10;66;76
9;67;76
8;68;76
7;67;74
6;66;72
5;67;72
6;66;72
5;67;72
4;68;72
3;69;72
4;70;74
5;71;76
6;72;78
7;71;78
6;72;78
7;73;80
6;72;78
5;71;76
4;72;76
5;73;78
4;72;76
3;71;74
2;72;74
3;73;76
4;72;76
5;71;76
6;72;78
5;73;78
6;72;78
5;73;78
6;72;78
7;71;78
8;70;78
9;69;78
8;68;76
7;67;74
8;68;76
9;67;76
10;68;78
9;67;76
10;66;76
11;67;78
10;66;76
11;67;78
12;66;78
13;67;80
14;68;82
15;69;84
16;70;86
15;69;84
14;70;84
15;71;86
14;70;84
13;69;82
12;68;80
13;67;80
14;68;82
13;69;82
12;68;80
13;69;82
14;70;84
15;71;86
16;72;88
17;73;90
16;72;88
17;73;90
18;74;92
19;73;92
18;74;92
19;73;92
18;72;90
19;71;90
18;72;90
17;71;88
16;70;86
15;71;86
14;70;84
15;71;86
16;70;86
17;69;86
18;70;88
17;71;88
16;72;88
15;73;88
16;74;90
15;73;88
14;74;88
15;75;90
16;76;92
15;75;90
14;76;90
13;75;88
14;76;90
13;77;90
12;76;88
11;75;86
12;76;88
13;75;88
14;74;88
13;75;88
12;74;86
11;75;86
10;76;86
9;75;84
10;76;86
11;75;86
10;76;86
11;75;86
12;74;86
11;73;84
10;74;84
11;73;84
12;74;86
13;73;86
14;72;86
13;71;84
14;70;84
15;69;84
14;68;82
15;67;82
14;66;80
15;67;82
14;66;80
13;65;78
14;66;80
15;65;80
16;66;82
17;65;82
16;66;82
17;65;82
18;64;82
19;65;84
20;66;86
21;65;86
20;66;86
21;65;86
20;64;84
19;65;84
20;64;84
19;65;84
18;64;82
19;65;84
20;66;86
19;65;84
18;64;82
19;63;82
20;64;84
19;63;82
18;62;80
19;63;82
20;62;82
19;61;80
20;60;80
21;61;82
22;60;82
23;59;82
22;60;82
21;59;80
20;60;80
21;61;82
20;62;82
19;63;82
20;64;84
19;63;82
20;62;82
21;63;84
22;62;84
21;63;84
22;62;84
23;63;86
22;62;84
23;63;86
22;62;84
21;63;84
22;62;84
23;61;84
22;60;82
21;59;80
22;60;82
21;61;82
22;60;82
23;61;84
24;60;84
23;59;82
22;58;80
21;59;80
22;58;80
23;59;82
22;58;80
23;57;80
24;56;80
25;55;80
26;56;82
27;57;84
28;56;84
29;57;86
30;58;88
29;57;86
30;58;88
31;57;88
30;56;86
29;57;86
28;56;84
29;57;86
30;58;88
29;59;88
28;58;86
27;59;86
26;58;84
27;59;86
26;58;84
27;57;84
26;56;82
27;55;82
26;56;82
27;55;82
28;54;82
27;53;80
28;52;80
27;53;80
26;54;80
27;53;80
26;52;78
25;51;76
24;50;74
23;51;74
24;50;74
23;51;74
22;52;74
21;53;74
22;54;76
21;55;76
20;56;76
19;57;76
18;58;76
19;57;76
20;56;76
21;57;78
22;56;78
21;55;76
22;56;78
21;55;76
20;54;74
19;55;74
18;56;74
17;55;72
18;56;74
19;57;76
18;56;74
19;57;76
20;58;78
19;59;78
18;58;76
19;59;78
20;58;78
19;57;76
18;56;74
19;55;74
20;54;74
19;53;72
18;54;72
19;55;74
18;56;74
19;57;76
20;58;78
21;59;80
22;60;82
23;61;84
22;60;82
23;61;84
24;60;84
23;61;84
24;60;84
23;61;84
24;62;86
23;61;84
22;62;84
21;63;84
22;62;84
23;63;86
22;64;86
23;65;88
24;64;88
25;65;90
26;66;92
27;67;94
26;66;92
27;67;94
28;66;94
29;67;96
30;68;98
29;67;96
30;66;96
29;67;96
30;66;96
29;67;96
28;66;94
29;67;96
30;68;98
31;69;100
32;70;102
31;69;100
30;68;98
29;67;96
28;68;96
27;67;94
28;68;96
29;69;98
28;68;96
29;69;98
30;68;98
31;67;98
30;68;98
29;67;96
30;66;96
31;67;98
30;66;96
29;67;96
30;66;96
29;65;94
28;66;94
29;65;94
28;66;94
27;67;94
26;66;92
27;65;92
26;66;92
25;67;92
26;68;94
25;69;94
26;68;94
27;67;94
28;68;96
29;67;96
28;66;94
29;67;96
30;66;96
29;65;94
28;66;94
27;65;92
26;66;92
27;67;94
28;66;94
29;65;94
30;66;96
29;67;96
28;68;96
27;69;96
28;68;96
27;67;94
26;66;92
25;65;90
26;66;92
27;67;94
28;66;94
27;65;92
26;64;90
27;65;92
26;66;92
25;65;90
26;66;92
25;67;92
26;68;94
27;69;96
28;68;96
27;67;94
28;68;96
29;67;96
30;68;98
29;69;98
28;70;98
29;69;98
28;70;98
27;71;98
28;72;100
27;71;98
28;72;100
27;71;98
26;70;96
25;69;94
26;68;94
27;69;96
26;70;96
25;71;96
26;72;98
27;71;98
28;72;100
29;73;102
30;72;102
31;71;102
30;72;102
31;73;104
32;72;104
31;71;102
32;72;104
33;73;106
32;74;106
33;73;106
34;74;108
33;75;108
34;74;108
35;73;108
36;74;110
35;75;110
36;74;110
35;73;108
34;72;106
33;73;106
34;74;108
33;75;108
32;76;108
33;77;110
34;76;110
33;75;108
32;76;108
31;75;106
32;74;106
33;75;108
34;74;108
35;75;110
34;76;110
33;77;110
32;76;108
33;77;110
32;78;110
33;79;112
34;78;112
33;79;112
34;80;114
33;79;112
32;78;110
33;77;110
34;76;110
33;77;110
34;76;110
35;75;110
34;76;110
35;75;110
34;76;110
33;77;110
34;76;110
33;77;110
34;78;112
33;79;112
34;80;114
33;79;112
32;80;112
33;81;114
32;80;112
33;79;112
32;78;110
31;79;110
30;78;108
29;79;108
28;80;108
29;81;110
30;80;110
31;81;112
30;80;110
29;81;110
30;82;112
29;81;110
30;82;112
29;81;110
28;82;110
27;83;110
26;84;110
25;85;110
24;86;110
25;87;112
24;88;112
25;87;112
26;86;112
25;85;110
26;86;112
25;87;112
24;86;110
25;85;110
24;84;108
23;85;108
22;86;108
21;87;108
22;88;110
23;87;110
24;88;112
23;87;110
22;88;110
23;87;110
22;88;110
23;87;110
24;88;112
25;87;112
24;88;112
23;89;112
22;90;112
23;89;112
24;88;112
23;89;112
22;90;112
21;91;112
22;92;114
21;91;112
22;92;114
23;91;114
24;90;114
23;91;114
22;90;112
23;91;114
22;90;112
23;91;114
22;92;114
21;91;112
22;90;112
21;89;110
20;90;110
19;89;108
20;88;108
19;87;106
18;86;104
19;85;104
20;84;104
19;83;102
20;82;102
19;81;100
20;80;100
21;79;100
22;78;100
23;79;102
24;78;102
23;77;100
22;76;98
21;77;98
22;78;100
21;77;98
20;76;96
21;77;98
20;76;96
19;75;94
18;74;92
17;73;90
18;72;90
17;73;90
18;72;90
19;71;90
18;72;90
19;73;92
18;72;90
19;71;90
18;70;88
19;69;88
18;70;88
17;71;88
16;72;88
15;73;88
14;74;88
15;75;90
14;74;88
15;75;90
16;74;90
15;73;88
14;72;86
15;73;88
14;74;88
13;75;88
14;74;88
13;73;86
12;74;86
11;75;86
10;76;86
9;77;86
8;76;84
9;77;86
10;76;86
11;77;88
12;76;88
13;75;88
12;76;88
11;77;88
12;78;90
13;79;92
12;80;92
11;81;92
12;82;94
13;81;94
12;80;92
13;81;94
14;82;96
15;83;98
14;82;96
13;81;94
14;80;94
15;79;94
14;78;92
13;77;90
12;78;90
13;79;92
14;78;92
15;79;94
16;78;94
17;77;94
18;78;96
17;77;94
18;76;94
17;77;94
18;78;96
17;77;94
16;78;94
17;79;96
16;80;96
17;79;96
18;80;98
17;81;98
16;82;98
17;81;98
16;82;98
17;81;98
18;80;98
19;79;98
18;80;98
17;79;96
18;80;98
19;81;100
20;80;100
21;81;102
20;82;102
19;81;100
20;82;102
19;83;102
20;82;102
19;81;100
20;82;102
19;83;102
18;82;100
17;83;100
16;84;100
17;85;102
16;86;102
17;85;102
16;86;102
15;87;102
14;88;102
13;87;100
12;88;100
11;87;98
12;86;98
11;87;98
10;88;98
11;89;100
10;90;100
9;89;98
10;88;98
9;87;96
8;86;94
7;85;92
6;86;92
5;87;92
4;86;90
5;87;92
4;86;90
3;85;88
4;86;90
3;85;88
4;86;90
5;87;92
6;86;92
5;87;92
6;88;94
7;87;94
6;86;92
7;87;94
6;88;94
5;89;94
4;88;92
5;89;94
6;90;96
7;89;96
8;88;96
9;87;96
8;88;96
7;87;94
6;88;94
7;87;94
8;88;96
7;87;94
6;86;92
5;87;92
4;88;92
3;89;92
2;88;90
1;89;90
0;88;88
-1;89;90
0;88;88
-1;89;90
0;90;90
-1;89;90
0;88;88
-1;89;90
-2;90;92
-3;91;94
-4;92;96
-5;91;96
-6;92;98
-7;93;100
-8;94;102
-7;93;100
-8;92;100
-9;93;102
-10;94;104
-9;93;102
-8;92;100
-7;93;100
-8;92;100
-7;93;100
-8;92;100
-9;91;100
-10;92;102
-9;93;102
-8;92;100
-9;91;100
-8;90;98
-7;89;96
-8;88;96
-9;89;98
-10;88;98
-11;87;98
-12;86;98
-13;87;100
-14;86;100
-13;87;100
-12;86;98
-13;87;100
-14;86;100
-13;85;98
-14;84;98
-15;83;98
-16;82;98
-15;83;98
-16;84;100
-15;85;100
-16;84;100
-15;85;100
-14;84;98
-13;83;96
-14;82;96
-13;81;94
-12;80;92
-13;81;94
-14;82;96
-15;83;98
-16;84;100
-17;85;102
-16;84;100
-15;83;98
-16;84;100
-17;83;100
-18;82;100
-19;83;102
-20;84;104
-21;85;106
-22;84;106
-23;83;106
-24;82;106
-25;83;108
-26;82;108
-25;83;108
-26;82;108
-27;81;108
-26;80;106
-25;81;106
-24;82;106
-25;81;106
-26;82;108
-27;83;110
-26;82;108
-25;81;106
-24;82;106
-25;81;106
-26;82;108
-27;83;110
-28;82;110
-27;81;108
-26;80;106
-25;79;104
-26;78;104
-27;77;104
-28;78;106
-27;79;106
-26;80;106
-27;79;106
-28;78;106
-27;77;104
-28;76;104
-29;77;106
-28;78;106
-27;77;104
-26;76;102
-25;77;102
-24;76;100
-25;75;100
-24;76;100
-23;75;98
-22;74;96
-23;73;96
-24;74;98
-23;75;98
-22;76;98
-23;75;98
-22;76;98
-21;77;98
-22;78;100
-23;77;100
-24;78;102
-25;79;104
-26;78;104
-27;77;104
-28;78;106
-27;79;106
-28;78;106
-29;79;108
-28;78;106
-27;79;106
-28;78;106
-29;77;106
-28;76;104
-29;75;104
-28;74;102
-27;73;100
-28;72;100
-29;73;102
-28;72;100
-29;73;102
-30;72;102
-29;73;102
-28;72;100
-27;73;100
-26;74;100
-25;73;98
-26;74;100
-27;73;100
-28;74;102
-27;73;100
-28;74;102
-29;75;104
-28;76;104
-27;77;104
-28;76;104
-27;77;104
-26;78;104
-25;77;102
-26;78;104
-27;77;104
-26;78;104
-27;79;106
-26;80;106
-27;79;106
-26;80;106
-27;81;108
-26;82;108
-25;83;108
-24;82;106
-25;83;108
-24;82;106
-23;81;104
-22;80;102
-21;79;100
-22;78;100
-23;79;102
-24;80;104
-23;79;102
-22;78;100
-23;79;102
-24;80;104
-23;81;104
-22;80;102
-21;81;102
-20;80;100
-19;81;100
-20;80;100
-21;79;100
-20;78;98
-19;77;96
-20;76;96
-21;77;98
-22;76;98
-21;75;96
-22;74;96
-21;75;96
-22;76;98
-21;75;96
-22;74;96
-23;73;96
-22;74;96
-21;73;94
-22;72;94
-21;71;92
-22;70;92
-21;71;92
-20;72;92
-19;73;92
-20;74;94
-21;75;96
-22;74;96
-23;75;98
-22;74;96
-23;73;96
-22;72;94
-23;71;94
-24;70;94
-23;71;94
-22;70;92
-23;69;92
-22;68;90
-23;69;92
-24;70;94
-23;69;92
-22;70;92
-23;71;94
-24;72;96
-23;71;94
-22;72;94
-23;73;96
-24;74;98
-25;75;100
-26;76;102
-25;75;100
-26;74;100
-27;73;100
-26;74;100
-27;75;102
-26;76;102
-27;75;102
-26;76;102
-27;75;102
-28;74;102
-29;73;102
-30;74;104
-31;75;106
-30;74;104
-29;73;102
-30;74;104
-29;75;104
-30;74;104
-31;75;106
-30;76;106
-29;77;106
-28;76;104
-29;77;106
-30;78;108
-29;79;108
-28;78;106
-29;77;106
-30;76;106
-29;75;104
-28;76;104
-27;75;102
-28;76;104
-29;77;106
-28;78;106
-27;79;106
-26;80;106
-25;79;104
-26;80;106
-27;79;106
-26;78;104
-27;79;106
-26;78;104
-25;77;102
-24;78;102
-23;79;102
-22;80;102
-23;79;102
-24;80;104
-23;79;102
-22;80;102
-23;81;104
-24;80;104
-25;81;106
-26;80;106
-27;81;108
-26;80;106
-25;79;104
-24;80;104
-23;81;104
-22;80;102
-21;79;100
-22;78;100
-21;79;100
-22;80;102
-23;79;102
-24;80;104
-25;81;106
-24;80;104
-23;79;102
-22;80;102
-23;81;104
-24;82;106
-25;81;106
-24;82;106
-25;81;106
-26;80;106
-25;81;106
-24;82;106
-25;81;106
-26;82;108
-25;83;108
-26;82;108
-25;81;106
-24;82;106
-23;83;106
-22;84;106
-23;83;106
-22;84;106
-21;85;106
-20;84;104
-21;83;104
-20;82;102
-19;83;102
-18;82;100
-19;81;100
-20;80;100
-21;81;102
-22;80;102
-23;79;102
-24;80;104
-23;81;104
-22;80;102
-23;81;104
-24;82;106
-23;83;106
-24;84;108
-25;85;110
-26;84;110
-25;83;108
-24;84;108
-23;85;108
-24;84;108
-23;85;108
-22;86;108
-21;87;108
-20;88;108
-19;89;108
-20;88;108
-19;89;108
-20;90;110
-19;89;108
-18;90;108
-19;91;110
-20;90;110
-21;91;112
-22;92;114
-21;91;112
-22;92;114
-23;93;116
-22;92;114
-21;93;114
-22;94;116
-21;95;116
-22;96;118
-23;95;118
-24;94;118
-23;93;116
-24;92;116
-25;91;116
-24;90;114
-25;91;116
-26;90;116
-27;91;118
-28;92;120
-27;93;120
-26;94;120
-25;93;118
-24;92;116
-23;93;116
-24;92;116
-25;93;118
-24;92;116
-23;93;116
-22;92;114
-23;93;116
-22;94;116
-21;93;114
-22;92;114
-21;93;114
-20;94;114
-19;95;114
-20;94;114
-21;93;114
-20;92;112
-21;91;112
-20;92;112
-19;91;110
-20;92;112
-21;91;112
-22;92;114
-21;93;114
-20;94;114
-21;93;114
-20;92;112
-21;93;114
-20;94;114
-19;93;112
-20;92;112
-19;91;110
-20;92;112
-19;91;110
-18;92;110
-17;93;110
-16;92;108
-17;93;110
-18;92;110
-17;91;108
-16;90;106
-15;91;106
-16;92;108
-15;91;106
-14;92;106
-13;91;104
-14;92;106
-13;93;106
-12;94;106
-11;93;104
-12;94;106
-13;93;106
-12;94;106
-13;93;106
-12;92;104
-13;93;106
-14;92;106
-13;93;106
-14;94;108
-15;93;108
-14;92;106
-13;91;104
-14;92;106
-13;93;106
-14;94;108
-15;95;110
-14;96;110
-15;97;112
-14;96;110
-13;97;110
-12;96;108
-11;95;106
-10;96;106
-11;97;108
-10;98;108
-11;99;110
-12;100;112
-11;99;110
-10;100;110
-11;99;110
-10;100;110
-11;101;112
-10;100;110
-11;101;112
-10;100;110
-11;101;112
-10;100;110
-9;101;110
-8;100;108
-7;101;108
-6;102;108
-7;101;108
-6;100;106
-5;101;106
-6;100;106
-5;99;104
-6;98;104
-7;97;104
-6;98;104
-5;99;104
-6;98;104
-7;97;104
-6;96;102
-5;97;102
-4;98;102
-5;99;104
-4;100;104
-3;101;104
-4;102;106
-5;103;108
-4;102;106
-5;101;106
-4;102;106
-5;101;106
-6;100;106
-7;101;108
-6;102;108
-5;103;108
-6;104;110
-7;105;112
-6;106;112
-5;105;110
-4;106;110
-5;105;110
-6;106;112
-7;105;112
-8;106;114
-7;107;114
-6;106;112
-7;105;112
-6;106;112
-5;107;112
-6;108;114
-7;109;116
-6;110;116
-5;111;116
-4;110;114
-5;111;116
-6;110;116
-7;111;118
-8;112;120
-9;111;120
-8;112;120
-9;113;122
-10;114;124
-9;115;124
-8;116;124
-7;115;122
-6;114;120
-5;115;120
-6;116;122
-5;115;120
-6;116;122
-7;115;122
-8;116;124
-9;117;126
-8;116;124
-9;117;126
-10;118;128
-11;119;130
-10;118;128
-9;117;126
-10;116;126
-9;115;124
-8;116;124
-9;117;126
-10;116;126
-11;117;128
-12;116;128
-13;117;130
-14;116;130
-15;117;132
-14;118;132
-13;117;130
-14;116;130
-15;115;130
-14;116;130
-13;115;128
-14;114;128
-13;113;126
-14;112;126
-15;113;128
-16;112;128
-17;113;130
-16;114;130
-17;113;130
-18;114;132
-19;113;132
-18;114;132
-17;113;130
-18;114;132
-19;115;134
-18;114;132
-19;113;132
-18;114;132
-17;115;132
-18;116;134
-17;117;134
-18;116;134
-19;115;134
-18;116;134
-17;115;132
-16;116;132
-17;117;134
-16;116;132
-15;115;130
-16;114;130
-17;113;130
-16;112;128
-15;111;126
-16;110;126
-17;111;128
-18;110;128
-19;111;130
-20;112;132
-21;111;132
-20;110;130
-19;111;130
-20;110;130
-19;109;128
-20;110;130
-21;111;132
-22;112;134
-21;113;134
-22;114;136
-23;115;138
-24;116;140
-25;117;142
-26;118;144
-25;119;144
-24;118;142
-25;119;144
-26;120;146
-25;121;146
-26;122;148
-25;123;148
-26;122;148
-27;123;150
-28;122;150
-27;121;148
-28;120;148
-29;119;148
-30;120;150
-31;119;150
-30;120;150
-31;121;152
-32;120;152
-31;121;152
-32;122;154
-33;123;156
-34;122;156
-35;123;158
-34;124;158
-33;123;156
-34;122;156
-33;123;156
-32;124;156
-33;125;158
-32;124;156
-33;123;156
-34;124;158
-35;125;160
-36;126;162
-37;127;164
-36;128;164
-37;127;164
-38;128;166
-39;127;166
-38;128;166
-37;127;164
-38;126;164
-39;125;164
-40;124;164
-41;123;164
-40;124;164
-39;123;162
-40;124;164
-41;125;166
-40;126;166
-41;127;168
-40;128;168
-39;127;166
-38;126;164
-37;127;164
-38;126;164
-39;127;166
-38;128;166
-37;127;164
-38;126;164
-37;125;162
-36;124;160
-35;123;158
-36;124;160
-37;123;160
-36;124;160
-37;123;160
-36;122;158
-35;123;158
-36;122;158
-35;123;158
-34;122;156
-35;123;158
-34;122;156
-35;121;156
-34;120;154
-35;121;156
-34;120;154
-35;119;154
-36;118;154
-35;119;154
-36;120;156
-37;121;158
-38;120;158
-37;121;158
-36;120;156
-37;121;158
-36;122;158
-35;123;158
-36;122;158
-35;121;156
-36;120;156
-35;119;154
-34;118;152
-35;119;154
-34;118;152
-33;119;152
-34;118;152
-33;117;150
-32;118;150
-33;117;150
-34;118;152
-35;119;154
-34;120;154
-33;119;152
-34;120;154
-35;121;156
-36;120;156
-35;121;156
-34;120;154
-33;119;152
-32;120;152
-33;121;154
-34;120;154
-35;119;154
-36;120;156
-35;119;154
-36;120;156
-37;119;156
-36;118;154
-37;117;154
-36;118;154
-35;117;152
-36;118;154
-37;117;154
-38;116;154
-37;115;152
-38;114;152
-39;115;154
-38;116;154
-37;117;154
-38;118;156
-39;119;158
-38;120;158
-39;121;160
-40;122;162
-39;121;160
-38;122;160
-39;121;160
-38;122;160
-39;121;160
-38;120;158
-37;119;156
-38;120;158
-37;119;156
-36;120;156
-37;119;156
-36;120;156
-37;119;156
-36;118;154
-37;119;156
-38;118;156
-39;119;158
-40;120;160
-41;119;160
-42;120;162
-41;119;160
-40;118;158
-39;117;156
-40;118;158
-39;117;156
-38;118;156
-39;117;156
-38;118;156
-37;117;154
-38;116;154
-39;115;154
-40;116;156
-41;117;158
-42;118;160
-41;119;160
-42;120;162
-43;119;162
-44;118;162
-43;119;162
-42;120;162
-41;121;162
-40;120;160
-41;119;160
-42;118;160
-41;117;158
-42;116;158
-41;117;158
-42;116;158
-41;117;158
-42;118;160
-41;119;160
-42;118;160
-43;119;162
-44;118;162
-45;117;162
-44;116;160
-45;117;162
-44;116;160
-45;115;160
-44;114;158
-43;113;156
-42;114;156
-43;115;158
-44;116;160
-43;115;158
-42;114;156
-43;113;156
-42;112;154
-41;111;152
-40;110;150
-39;111;150
-38;112;150
-39;113;152
-40;114;154
-41;113;154
-40;114;154
-41;115;156
-40;116;156
-39;117;156
-38;116;154
-39;115;154
-38;116;154
-37;117;154
-38;118;156
-37;119;156
-38;120;158
-37;119;156
-36;118;154
-37;117;154
-36;116;152
-37;117;154
-38;118;156
-37;117;154
-36;116;152
-37;115;152
-36;116;152
-35;117;152
-36;118;154
-35;119;154
-36;120;156
-35;121;156
-36;120;156
-35;119;154
-34;118;152
-35;119;154
-34;120;154
-33;119;152
-32;118;150
-33;119;152
-32;120;152
-33;121;154
-34;120;154
-33;121;154
-32;122;154
-31;121;152
-32;120;152
-33;121;154
-32;120;152
-33;121;154
-34;122;156
-35;121;156
-34;120;154
-35;121;156
-34;122;156
-35;123;158
-34;124;158
-33;123;156
-32;124;156
-33;125;158
-34;126;160
-35;127;162
-36;128;164
-35;127;162
-34;126;160
-35;125;160
-34;126;160
-33;127;160
-32;126;158
-33;127;160
-34;128;162
-35;129;164
-34;128;162
-35;129;164
-34;128;162
-33;127;160
-34;126;160
-35;127;162
-34;126;160
-35;127;162
-34;128;162
-35;129;164
-36;128;164
-37;127;164
-38;128;166
-39;129;168
-38;130;168
-37;131;168
-36;132;168
-37;133;170
-38;132;170
-39;133;172
-40;134;174
-39;133;172
-40;132;172
-41;131;172
-42;132;174
-41;133;174
-42;132;174
-43;133;176
-44;132;176
-45;131;176
-46;130;176
-47;129;176
-48;130;178
-49;131;180
-48;132;180
-47;131;178
-46;132;178
-45;131;176
-46;130;176
-47;129;176
-48;128;176
-49;129;178
-48;128;176
-49;127;176
-48;128;176
-47;127;174
-48;126;174
-49;125;174
-48;126;174
-49;127;176
-50;128;178
-51;127;178
-50;126;176
-51;127;178
-50;128;178
-51;127;178
-52;128;180
-53;127;180
-54;128;182
-53;127;180
-52;128;180
-53;129;182
-54;130;184
-55;129;184
-54;130;184
-55;129;184
-54;130;184
-55;129;184
-56;130;186
-57;129;186
-56;130;186
-55;129;184
-54;130;184
-53;131;184
-52;132;184
-53;131;184
-52;132;184
-53;131;184
-52;132;184
-53;131;184
-52;132;184
-51;131;182
-52;130;182
-51;131;182
-52;130;182
-51;129;180
-52;130;182
-51;129;180
-50;130;180
-51;129;180
-50;128;178
-49;129;178
-50;128;178
-49;129;178
-50;128;178
-51;127;178
-52;126;178
-51;127;178
-52;128;180
-53;129;182
-54;128;182
-53;129;182
-54;130;184
-53;131;184
-54;130;184
-55;129;184
-54;128;182
-53;129;182
-52;130;182
-51;129;180
-52;128;180
-51;129;180
-50;128;178
-51;127;178
-52;128;180
-51;127;178
-52;128;180
-53;129;182
-52;128;180
-51;127;178
-52;126;178
-53;125;178
-52;124;176
-53;125;178
-54;124;178
-55;125;180
-54;126;180
-53;125;178
-54;124;178
-53;125;178
-54;126;180
-55;127;182
-54;126;180
-55;125;180
-54;124;178
-53;123;176
-54;122;176
-55;121;176
-54;122;176
-53;121;174
-52;120;172
-53;121;174
-54;122;176
-55;123;178
-56;124;180
-57;123;180
-56;124;180
-57;123;180
-58;124;182
-57;125;182
-56;126;182
-57;125;182
-56;126;182
-55;127;182
-56;128;184
-55;127;182
-54;126;180
-55;125;180
-56;124;180
-55;123;178
-56;122;178
-55;121;176
-56;120;176
-55;119;174
-54;120;174
-55;121;176
-56;122;178
-57;121;178
-58;120;178
-59;121;180
-58;120;178
-59;121;180
-60;122;182
-61;123;184
-62;122;184
-63;123;186
-62;122;184
-61;123;184
-62;124;186
-63;123;186
-64;124;188
-65;125;190
-64;126;190
-65;125;190
-66;126;192
-67;125;192
-66;126;192
-67;125;192
-68;124;192
-69;125;194
-68;124;192
-69;123;192
-68;122;190
-69;121;190
-70;122;192
-69;123;192
-68;122;190
-67;123;190
-68;122;190
-67;121;188
-66;120;186
-65;121;186
-64;122;186
-65;121;186
-66;122;188
-67;121;188
-68;122;190
-67;123;190
-68;122;190
-69;121;190
-70;122;192
-71;121;192
-72;122;194
-71;121;192
-72;122;194
-71;121;192
-72;122;194
-73;121;194
-72;122;194
-71;121;192
-72;122;194
